新型コロナウイルス感染症の国内発生動向
（令和２年３月2７日18時時点）
【註1】チャーター機、クルーズ船案件は除く
【註2】医療機関からの届出情報との突合前
7
1 1 1 1 3 1 3 1 3 1 1
5 8
4 6 4
8 8 8
12
25
11
12
15
12
26
17
7
16
9
24
29
31
54
36
28
19
51
47
52
37
47
16
20
47
34
45
35
35
32
40
66
75
70
44
3
1
1
1
2
1
3
5
4
4
6
1
1
6 3 6
2
7
8
26
43
0
20
40
60
80
100
120
調査中
1月16日
1月18日
1月20日
1月22日
1月24日
1月26日
1月28日
1月30日
2月1日
2月3日
2月5日
2月7日
2月9日
2月11日
2月13日
2月15日
2月17日
2月19日
2月21日
2月23日
2月25日
2月27日
2月29日
3月2日
3月4日
3月6日
3月8日
3月10日
3月12日
3月14日
3月16日
3月18日
3月20日
3月22日
3月24日
3月26日
確定日別人数
有症者 1251 無症者 134 症状確認中 68
7 1 3 8 4 24
76105
211
269
248
295
3
3
6
19
17
86
6
9
42
11
0
50
100
150
200
250
300
350
400
450
調査中
1月13日～1月19日
1月20日～1月26日
1月27日～2月2日
2月3日～2月9日
2月10日～2月16日
2月17日～2月23日
2月24日～3月1日
3月2日～3月8日
3月9日～3月15日
3月16日～3月22日
3月23日～3月29日
確定週別人数
有症者 1251 無症者 134 症状確認中 68
令和２年３月27日18時時点
新型コロナウイルス感染症の国内発生動向
15 10
125134
211
241216
177
98
16 3 5
4 4
12
20
22
12
16
24
10
6
1
3
2
2
7
11
16
8
5
5
10
2
0
50
100
150
200
250
300
年齢階級別陽性者数
有症者 1251 無症者 134
症状確認中 68
1 1 18 23 5 1
1 4 8 20
16 11
21 16
144
164
245252216172
84
19
4
7
0
50
100
150
200
250
300
10歳未満
10代
20代
30代
40代
50代
60代
70代
80代
90代
不明
非公表
年齢階級別陽性者数
死亡 49 重症 60 その他 1344
