帰国者・接触者相談
センター
相談件数
帰国者・接触者外来
受診患者数
帰国者・接触者外来
ＰＣＲ検査実施件数
北海道 12,543 293 253
青森 904 50 48
岩手 1,081 28 21
宮城 2,092 76 75
秋田 109 19 16
山形 1,341 123 106
福島 1,001 63 41
茨城 143 146 136
栃木 4,297 131 111
群馬 3,570 203 118
埼玉 18,796 174 112
千葉 9,631 529 373
東京 23,350 643 289
神奈川 17,969 644 623
新潟 1,962 113 94
富山 201 41 23
石川 741 109 81
福井 1,875 80 63
山梨 1,677 179 134
長野 4,012 148 95
岐阜 223 171 98
静岡 7,859 230 226
愛知 1,985 264 243
三重 889 104 87
滋賀 3,258 119 69
京都 3,904 148 122
大阪 9,929 676 531
兵庫 4,336 168 92
奈良 1,392 188 112
和歌山 473 348 179
鳥取 1,065 41 41
島根 815 82 69
岡山 816 51 36
広島 9,989 273 273
山口 5,209 85 85
徳島 734 67 65
香川 730 72 66
愛媛 613 78 69
高知 404 82 76
福岡 10,995 559 206
佐賀 994 36 25
長崎 708 87 56
熊本 7,887 245 199
大分 1,462 46 31
宮崎 2,388 27 23
鹿児島 2,075 87 61
沖縄 1,466 70 53
合計 189,893 8,196 6,005
帰国者・接触者相談センターの相談件数等（都道府県別）
期間：2月1日～3月15日
（注）暫定値（3月16日までに都道府県から報告された数の合計であり、順次アップ
デートされるため、数値が変動する）
