都道府県名 総実施件数 都道府県名 総実施件数
1 北海道 5,848 25 滋賀県 1,252
2 青森県 636 26 京都府 3,582
3 岩手県 229 27 大阪府 13,804
4 宮城県 1,667 28 兵庫県 6,305
5 秋田県 609 29 奈良県 1,403
6 山形県 1,580 30 和歌山県 3,223
7 福島県 1,120 31 鳥取県 986
8 茨城県 3,752 32 島根県 911
9 栃木県 1,929 33 岡山県 1,092
10 群馬県 1,617 34 広島県 3,073
11 埼玉県 5,062 35 山口県 1,887
12 千葉県 9,736 36 徳島県 384
13 東京都 10,140 37 香川県 1,462
14 神奈川県 9,115 38 愛媛県 1,090
15 新潟県 2,708 39 高知県 1,582
16 富山県 1,365 40 福岡県 6,728
17 石川県 1,631 41 佐賀県 912
18 福井県 693 42 長崎県 1,706
19 山梨県 2,055 43 熊本県 3,989
20 長野県 1,609 44 大分県 3,040
21 岐阜県 2,870 45 宮崎県 1,073
22 静岡県 2,699 46 鹿児島県 1,099
23 愛知県 5,742 47 沖縄県 2,701
24 三重県 1,596 合計 139,292
新型コロナウイルスのＰＣＲ検査
総実施件数（都道府県別）
（期間：1月15日～4月23日）
※暫定値（4月23日までに地方衛生研究所・保健所から回答があった数の合計であり、
順次アップデートされるため、数値が変動する）
