新型コロナウイルス感染症の国内発生動向
（令和２年４月６日18時時点）
【註1】チャーター機、クルーズ船案件は除く
【註2】医療機関からの届出情報との突合前
1 111 3131 31 1 58464888
14
25
11
12
15
12
26
19
6
15
9
24
29
31
53
36
28
20
51
47
52
37
47
16
20
48
32
47
34
35
33
39
66
78
75
75
115
53
80
153
105
120
192
191
132
50
63 1
1
1
21
3
5
44
6
5
4
9
77
2
9
82
2
5
2
6361
4
855
32
22
13
6
19
7
21
10
3
3
00000000000000000000000000000
0000
0
000
0
0
00
00
00
0
00
0
00
0
0
00
000
0
0
01
1
0
0
0000
3
0
19
40
60
76
14
84
23
10
8
11
8
1
0
50
100
150
200
250
300
確定日別人数
有症者 2551 無症者 294 症状確認中 972
75 1 3 8 4 24 78105
210270249
501
973
50
21
9
3 6
28
42 26
77
79
3
613
2
198
158
1
0
200
400
600
800
1000
1200
1400
確定週別人数
有症者 2551 無症者 294 症状確認中 972
令和２年４月6日18時時点
新型コロナウイルス感染症の国内発生動向
1 4 6 31 29 8 1
1 3 4 15 23
21 13
45 72
639
577
627596
455
333
153
41
10
99 10
0
100
200
300
400
500
600
700
10歳未満
10代
20代
30代
40代
50代
60代
70代
80代
90代
不明
調査中
非公表
年齢階級別陽性者数
死亡 80 重症 80 その他 3657
27 36
421
337
421
462
366
273
134
30 3 33 8
11
21
41
31
42
27
22
20
20
7
1
48 3
8 15
177
212
169 126
96
92
41
12
6
18
0
100
200
300
400
500
600
700
10歳未満
10代
20代
30代
40代
50代
60代
70代
80代
90代
不明
調査中
非公表
年齢階級別陽性者数
有症者 2551 無症者 294
症状確認中 972
令和２年４月６日18時時点
新型コロナウイルス感染症の国内発生動向
193
9 25 8 11 12
53
14 26
178195
238239
26 9 34 55
14 12 42 9
218
9 16
86
384
168
20 24 8 11 10 2 1 12 31
68
8 7 18 24 7 2 15
1
2 1 3 2 4
12
12
49
13 15
6 2
3
1 2 8
1
19
4 2
16
44
31
6 2 3 2 2 1 1
2
3
7
1 2 8
1
6
5
9
872
7
8 1 1
17
1
2
1 3
38
1
0
200
400
600
800
1000
1200
北海道
青森
岩手
宮城
秋田
山形
福島
茨城
栃木
群馬
埼玉
千葉
東京
神奈川
新潟
富山
石川
福井
山梨
長野
岐阜
静岡
愛知
三重
滋賀
京都
大阪
兵庫
奈良
和歌山
鳥取
島根
岡山
広島
山口
徳島
香川
愛媛
高知
福岡
佐賀
長崎
熊本
大分
宮崎
鹿児島
沖縄
都道府県別人数
有症者 2551 無症者 294 症状確認中 972
