PCM‐DPC dati forniti dal Ministero della Salute
Ricoverati
con sintomi
Terapia
intensiva
Isolamento
domiciliare
Totale
attualmente
positivi
Lombardia 11137 1292 11466 23895 8001 5402 37.298 95.860
Emilia Romagna 3461 308 5592 9361 960 1267 11.588 47.798
Veneto 1536 338 4774 6648 536 313 7.497 83.627
Piemonte 2852 431 3064 6347 176 569 7.092 19.705
Marche 979 162 1709 2850 10 336 3.196 9.060
Toscana 1053 274 1843 3170 103 177 3.450 23.746
Liguria 1023 157 880 2060 305 331 2.696 7.804
Lazio 992 126 895 2013 164 118 2.295 24.106
Campania 456 113 723 1292 64 98 1.454 9.613
Trento 341 66 757 1164 125 102 1.391 4.923
Puglia 530 82 624 1236 29 69 1.334 10.233
Friuli V.G. 222 57 748 1027 214 76 1.317 11.841
Sicilia 425 75 658 1158 53 39 1.250 11.079
Abruzzo 289 71 565 925 24 68 1.017 6.109
Bolzano 249 45 539 833 110 60 1.003 8.520
Umbria 149 46 629 824 39 21 884 6.137
Valle d'Aosta 91 24 298 413 2 37 452 1.252
Sardegna 93 19 384 496 13 21 530 3.801
Calabria 103 22 344 469 7 18 494 6.901
Basilicata 22 15 110 147 1 3 151 1.254
Molise 26 9 51 86 14 9 109 710
TOTALE 26.029 3.732 36.653 66.414 10.950 9.134 86.498 394.079
66.414
10.950
9.134
86.498
CASI TOTALI
ATTUALMENTE POSITIVI
TOTALE GUARITI
TOTALE DECEDUTI
Regione
AGGIORNAMENTO 27/03/2020 ORE 17.00
POSITIVI AL nCoV
DIMESSI/
GUARITI
DECEDUTI CASI TOTALI TAMPONI
