国内における新型コロナウイルスに係るPCR検査の実施状況（結果判明日ベース） （4月10日時点）
2/18(火) 2/19(水) 2/20(木) 2/21(金) 2/22(土) 2/23(日) 2/24(月) 2/25(火) 2/26(水) 2/27(木) 2/28(金) 2/29(土) 3/1(日) 3/2(月) 3/3(火) 3/4(水) 3/５(木)
１．国立感染症研究所 472 15 20 261 341 53 22 195 267 237 53 10 0 125 20 71 83
２．検疫所 75 68 15 188 127 72 103 38 19 61 79 86 22 24 27 12 11
３．地方衛生研究所・保健所 396 679 709 914 658 530 363 659 934 1,075 1,255 920 491 979 1,529 1,321 1,452
４．民間検査会社 0 0 0 132 2 0 17 0 149 0 102 0 116 15 11 7 5
５．大学 79 0 0 108 19 0 0 0 0 0 0 0 0 0 0 0 0
６．医療機関
計 1,022 762 744 1,603 1,147 655 505 892 1,369 1,373 1,489 1,016 629 1,143 1,587 1,411 1,551
→保険適用開始
１．国立感染症研究所 107 18 0 0 8 69 86 4 153 12 25 35 16 22 0 0 4
２．検疫所 35 13 10 27 57 45 128 187 238 59 65 14 59 31 51 40 83
３．地方衛生研究所・保健所 1,687 1,397 539 1,009 1,652 1,469 1,363 1,144 1,052 458 817 1,581 1,413 1,507 1,153 629 622
5 11 2 4 97 81 28 37 53 0 35 63 97 86 28 121 0
0 1 0 4 18 70 26 30 45 0 35 50 93 80 24 120 0
57 22 7 93 62 69 55 71 14 3 80 61 87 86 93 28 42
21 8 4 37 28 41 24 25 10 0 46 35 50 44 3 20 22
69 44 9 46 62 82 65 97 51 106 51 52 70 62 24 16 26
9 4 4 20 21 26 27 19 5 7 21 27 32 24 20 8 13
1,960 1,505 567 1,179 1,938 1,815 1,725 1,540 1,561 638 1,073 1,806 1,742 1,794 1,349 834 777
30 13 8 61 67 137 77 74 60 7 102 112 175 148 47 148 35
１．国立感染症研究所 0 2 0 0 30 0 326 456 0 0 0 186 517 288 338 357 414
２．検疫所 20 47 29 17 12 16 62 97 207 46 131 496 590 702 627 668 805
３．地方衛生研究所・保健所 1,123 1,966 1,607 1,721 1,773 2,049 1,326 1,658 2,979 2,768 3,376 3,430 2,805 1,732 2,504 3,612 3,525
37 84 142 152 192 273 272 540 388 475 707 771 1,181 496 750 1,312 1,777
35 65 139 142 181 262 3 177 349 441 642 671 647 5 484 705 1084
118 117 100 162 165 157 94 223 240 340 353 449 331 91 357 313 330
62 43 49 54 67 29 9 95 77 76 120 129 55 30 178 120 139
80 96 64 100 77 47 34 170 188 347 223 142 59 38 193 165 225
35 53 42 67 57 23 27 90 87 109 127 94 45 31 138 111 126
1,378 2,312 1,942 2,152 2,249 2,542 2,114 3,144 4,002 3,976 4,790 5,474 5,483 3,347 4,769 6,427 7,076
132 161 230 263 305 314 39 362 513 626 889 894 747 66 800 936 1,349
(単位：件)
計
3/6以降の計
１．国立感染症研究所 287 344 6,349 4,104
２．検疫所 940 650 8,331 7,304
３．地方衛生研究所・保健所 3,749 2,594 80,653 65,789
1,620 ※ 12,473 11,917
1093 7,721 7,721
※ ※ 5,076 4,870
1,750 1,750
※ ※ 3,180 3,180
1,549 1,549
6,596 3,588 116,062 97,164
1,093 0 11,020 11,020
※調査中
＊速報値(航空機及び船舶の到着日ベース)
斜体 はうち保険適用分＊＊
＊＊ 4．民間検査会社分の斜体は、医療機関からの受託分のため全て保険適用分としている。
上記の数値は暫定値であり、変更される可能性がある。
５．大学
６．医療機関
計
計
4/9(木) 4/10(金)
４．民間検査会社
4/6(月)
４．民間検査会社
５．大学
６．医療機関
3/23(月) 3/24(火) 3/25(水) 3/26(木)
3/６(金) 3/7(土) 3/8(日) 3/9(月)
4/8(水)
3/27(金) 3/28(土) 3/29(日) 3/30(月) 3/31(火) 4/1(水) 4/2(木) 4/3(金) 4/4(土) 4/5(日)
3/22(日)
６．医療機関
４．民間検査会社
計
５．大学
3/10(火) 3/20(金) 3/21(土)
3/19(木)
3/11(水) 3/12(木) 3/13(金) 3/14(土) 3/18(水)
3/15(日) 3/16(月) 3/17(火)
4/7(火)
＊ ＊ ＊
＊
＊ ＊
＊
＊ ＊
