新型コロナウイルス感染症の国内発生動向
（令和２年５月2日18時時点）
【註1】チャーター機、クルーズ船案件は除く
【註2】医療機関からの届出情報との突合前
※これ以外4139例が確定日調査中
0
100
200
300
400
500
600
700
1月15日
1月22日
1月29日
2月5日
2月12日
2月19日
2月26日
3月4日
3月11日
3月18日
3月25日
4月1日
4月8日
4月15日
4月22日
4月29日
確定日別人数
有症者 8802 無症者 945 症状確認中 4930
1 3 8 4 24 78 104
210 268 251
507
1131
2165
1920
1284
571
9
4 6
29
44 26
79
150
171
133
191
80
196
104
272
211
236
68
0
500
1000
1500
2000
2500
3000
確定週別人数
有症者 8802 無症者 945 症状確認中 4930
令和２年５月2日18時時点
新型コロナウイルス感染症の国内発生動向
全体
10歳
未満
10代 20代 30代 40代 50代 60代 70代
80代
以上
2.2 0.0 0.0 0.0 0.1 0.3 0.6 2.1 6.0 12.9
死亡率（％）
0 0 0 2
6 14
35
85
182
1 1 1
1 1 4 9
37
58
96
82
33
0 0 0
1 1 4 11
43
72
131
167
215
1 1 1
0
50
100
150
200
250
年齢階級別死亡数・重症者数
死亡 重症
242 348
2343
2163
23492463
1668
14191406
26 222 28
0
500
1000
1500
2000
2500
3000
年齢階級別陽性者数
令和２年５月2日18時時点
新型コロナウイルス感染症の国内発生動向
※その他は、長崎県のクルーズ船における陽性者数
755
22 84 11 58 60 140 53 136
808
580
239
992
54 155 216 112 49 57 111 60
456
33 81
291
1432
541
72 50 3 15 19 115 22 4 22 36 69
515
32 15 42 44 16 5 119 1
66
4
4
5 10 15
25
1
4
25
80
13
42
10
30
35
10
6
9
36
12
35
12 15
30
83
58
14 12 8 4
8
12 1 4
11
5
92
6 2 5 16 1 5
1
63
2
6
45 163
4239
26
13
24 9
3
3
1
7
143
55
38
2
41
4
22 84
0
500
1000
1500
2000
2500
3000
3500
4000
4500
5000
北海道
青森
岩手
宮城
秋田
山形
福島
茨城
栃木
群馬
埼玉
千葉
東京
神奈川
新潟
富山
石川
福井
山梨
長野
岐阜
静岡
愛知
三重
滋賀
京都
大阪
兵庫
奈良
和歌山
鳥取
島根
岡山
広島
山口
徳島
香川
愛媛
高知
福岡
佐賀
長崎
熊本
大分
宮崎
鹿児島
沖縄
その他
都道府県別人数
有症者 8802 無症者 945 症状確認中 4930
新型コロナウイルス感染症の国内発生動向
※都道府県から数日分まとめて国に報告された場合には、本来の報告日別に過去に遡って計上している。なお、重複事例の有無等の数値の精査を行っている。
222
248
330
365
381
266
361
521
563
683673
558
313
512
509
580
567
581
368
364
373
456
443
435
352
207
185
279
218
191
261
289
0
100
200
300
400
500
600
700
1月20日 1月27日 2月3日 2月10日 2月17日 2月24日 3月2日 3月9日 3月16日 3月23日 3月30日 4月6日 4月13日 4月20日 4月27日
報告日別新規陽性者数
