PCM-DPC dati forniti dal Ministero della Salute
Ricoverati
con sintomi
Terapia
intensiva
Isolamento
domiciliare
Totale
attualmente
positivi
Lombardia 11613 1328 12451 25392 9255 6360 41.007 107.398
Emilia Romagna 3769 333 6433 10535 1141 1443 13.119 52.991
Veneto 1586 355 5310 7251 715 392 8.358 94.784
Piemonte 2985 443 3840 7268 254 684 8.206 24.058
Toscana 1111 275 2400 3786 121 215 4.122 27.579
Marche 1000 168 1992 3160 12 386 3.558 10.431
Liguria 1077 166 1036 2279 420 377 3.076 9.100
Lazio 1062 133 1167 2362 208 136 2.706 27.744
Campania 476 135 945 1556 86 117 1.759 11.805
Trento 356 75 862 1293 172 129 1.594 5.950
Puglia 559 99 774 1432 31 86 1.549 12.361
Friuli V.G. 236 60 845 1141 241 98 1.480 13.397
Sicilia 451 71 808 1330 65 65 1.460 13.814
Abruzzo 329 68 772 1169 36 88 1.293 7.730
Bolzano 234 56 744 1034 116 64 1.214 10.137
Umbria 166 46 685 897 95 31 1.023 7.685
Sardegna 105 23 454 582 29 27 638 4.598
Calabria 124 19 434 577 12 25 614 8.485
Valle d'Aosta 90 26 423 539 2 43 584 1.480
Basilicata 32 18 147 197 1 4 202 1.585
Molise 25 9 66 100 18 9 127 918
TOTALE 27.386 3.906 42.588 73.880 13.030 10.779 97.689 454.030
73.880
13.030
10.779
97.689
CASI TOTALI
ATTUALMENTE POSITIVI
TOTALE GUARITI
TOTALE DECEDUTI
Regione
AGGIORNAMENTO 29/03/2020 ORE 17.00
POSITIVI AL nCoV
DIMESSI/
GUARITI
DECEDUTI CASI TOTALI TAMPONI
