PCM-DPC dati forniti dal Ministero della Salute
Ricoverati
con sintomi
Terapia
intensiva
Isolamento
domiciliare
Totale
attualmente
positivi
Lombardia 12.009 1.317 14.798 28.124 13.426 8.905 50.455 149.984
Emilia Romagna 3839 375 8623 12.837 2.201 2.051 17.089 69.986
Piemonte 3.472 444 6.261 10.177 1.017 1.168 12.362 38.539
Veneto 1.674 329 7.406 9.409 1.186 631 11.226 140.910
Toscana 1.111 276 3.798 5.185 337 325 5.847 51.006
Marche 987 151 2440 3.578 287 599 4.464 15.252
Liguria 1126 165 1802 3.093 800 556 4.449 15.047
Lazio 1235 197 1754 3.186 475 219 3.880 44.658
Campania 609 108 1904 2.621 150 189 2.960 23.139
Trento 352 80 1.363 1.795 273 217 2.285 10.476
Puglia 574 159 1289 2.022 113 182 2.317 20.080
Friuli V.G. 185 50 1.128 1.363 531 154 2.048 21.652
Sicilia 556 76 1.142 1.774 104 116 1.994 21.904
Abruzzo 347 67 1.006 1.420 125 158 1.703 13.598
Bolzano 239 53 934 1.226 260 158 1.644 15.723
Umbria 159 45 694 898 298 43 1.239 12.448
Sardegna 126 25 664 815 49 43 907 7.157
Calabria 174 13 519 706 33 56 795 13.077
Valle d'Aosta 96 23 457 576 115 91 782 2.390
Basilicata 46 18 190 254 11 13 278 2.931
Molise 33 6 148 187 24 13 224 1.504
TOTALE 28.949 3.977 58.320 91.246 21.815 15.887 128.948 691.461
91.246
21.815
15.887
128.948
TOTALE DECEDUTI
CASI TOTALI
ATTUALMENTE POSITIVI
TOTALE GUARITI
Regione
AGGIORNAMENTO 05/04/2020 ORE 17.00
POSITIVI AL nCoV
DIMESSI/
GUARITI
DECEDUTI CASI TOTALI TAMPONI
