国内における新型コロナウイルスに係るPCR検査の実施状況（結果判明日ベース） （３月2２日時点）
2/18(火) 2/19(水) 2/20(木) 2/21(金) 2/22(土) 2/23(日) 2/24(月) 2/25(火) 2/26(水) 2/27(木) 2/28(金) 2/29(土) 3/1(日) 3/2(月) 3/3(火) 3/4(水) 3/５(木)
１．国立感染症研究所 472 15 20 261 341 53 22 195 267 237 53 10 0 125 20 71 83
２．検疫所 75 68 15 188 127 72 103 38 19 61 79 86 22 24 27 12 11
３．地方衛生研究所・保健所 377 616 640 922 680 534 371 699 940 994 1,258 815 497 1,068 1,667 1,413 1,463
４．民間検査会社 0 0 0 132 2 0 17 0 149 0 102 0 116 15 11 7 5
５．大学 79 0 0 108 19 0 0 0 0 0 0 0 0 0 0 0 0
６．医療機関
計 1,003 699 675 1,611 1,169 659 513 932 1,375 1,292 1,492 911 635 1,232 1,725 1,503 1,562
→保険適用開始 (単位：件)
3/6以降の計
１．国立感染症研究所 107 18 0 0 8 69 86 4 153 12 25 35 16 22 0 0 4 2,804 559
２．検疫所 35 13 10 27 57 45 128 187 238 59 65 14 59 31 51 40 83 2,169 1,142
３．地方衛生研究所・保健所 1,534 1,439 519 1,011 1,668 1,463 1,369 1,106 1,058 425 815 1,498 1,402 1,412 1,175 604 629 34,081 19,127
5 11 2 4 97 81 28 34 53 0 33 62 93 83 28 121 0 1,291 735
0 1 0 4 18 70 26 27 45 0 33 49 89 77 24 120 0 583 583
49 14 7 66 47 50 56 49 4 3 53 44 68 45 84 14 38 897 691
15 6 4 28 17 25 22 11 1 0 27 18 36 20 3 8 20 261 261
59 26 3 33 32 42 25 19 10 77 47 23 40 37 10 17 16 516 516
4 4 2 14 18 21 16 7 5 10 12 9 13 17 8 11 11 182 182
1,789 1,521 541 1,141 1,909 1,750 1,692 1,399 1,516 576 1,038 1,676 1,678 1,630 1,348 796 770 41,758 22,770
19 11 6 46 53 116 64 45 51 10 72 76 138 114 35 139 31 1,026 1,026
暫定値（３月22日までに自治体等から回答があった数の合計であり、順次アップデートされるため、数値が変動する：３月23日集計） 斜体 はうち保険適用分＊
3/20(金) 3/21(土) 3/22(日)
計
3/15(日) 3/16(月) 3/17(火)
５．大学
＊ 4．民間検査会社分の斜体 は、医療機関からの
受託分のため全て保険適用分としている。
６．医療機関
４．民間検査会社
3/６(金) 3/7(土) 3/8(日) 3/9(月) 3/10(火) 3/11(水) 3/12(木) 3/13(金) 3/19(木)
3/14(土) 3/18(水) 計
都道府県名 陽性者数 検査人数 備考 都道府県名 陽性者数 検査人数 備考
北海道 162 1775 滋賀県 5 168
青森県 2 83 京都府 24 857
岩手県 0 37 大阪府 134 2350
宮城県 1 161 兵庫県 112 1518
秋田県 2 121 奈良県 9 205
山形県 0 145 和歌山県 17 1305
福島県 2 157 鳥取県 0 126
茨城県 5 654 島根県 0 101
栃木県 4 297 岡山県 1 206
群馬県 11 202 広島県 3 631
埼玉県 51 875 山口県 4 180
千葉県 47 31 ※1 徳島県 1 93
東京都 158 1848 3/22時点 香川県 1 157
神奈川県 75 ※1 愛媛県 3 208
新潟県 26 786 高知県 12 281
富山県 0 62 福岡県 6 689
石川県 8 181 佐賀県 1 111
福井県 1 102 長崎県 1 246
山梨県 2 358 熊本県 7 521
長野県 4 336 大分県 17 356
岐阜県 8 304 宮崎県 3 197
静岡県 3 581 鹿児島県 0 193
愛知県 145 1782 沖縄県 3 263
三重県 9 344 合計 1,090 22184
※１
※なお、PCR検査実施人数は、疑似症サーベイランスの枠組みの中で報告が上がった数を計上して
おり、各自治体で行った全ての検査結果を反映しているものではない（退院時の確認検査などは含
まれていない）。
新型コロナウイルス陽性者数(チャーター便帰国者を除く)とPCR検査
実施人数（都道府県別）【1/15～3/23】
複数の検体を重複してカウントしているため、合計数には含めていない。なお、神奈川県にお
いてはクルーズ船を含む2835件の検査が行われた。また、千葉県において、3/20までに1716件
の検査が行われた。なお、千葉県の検査人数は3/21より計上している。
都道府県名 総実施件数 都道府県名 総実施件数
1 北海道 2,221 25 滋賀県 212
2 青森県 167 26 京都府 778
3 秋田県 194 27 大阪府 3,226
4 岩手県 47 28 兵庫県 1,767
5 宮城県 218 29 奈良県 381
6 山形県 216 30 和歌山県 1,618
7 福島県 320 31 鳥取県 156
8 新潟県 840 32 島根県 149
9 茨城県 782 33 岡山県 258
10 栃木県 410 34 広島県 1,079
11 群馬県 303 35 山口県 264
12 埼玉県 1,208 36 徳島県 133
13 千葉県 2,438 37 香川県 144
14 東京都 2,792 38 愛媛県 245
15 神奈川県 3,344 39 高知県 336
16 山梨県 560 40 福岡県 1,200
17 長野県 443 41 佐賀県 168
18 静岡県 808 42 長崎県 359
19 富山県 71 43 大分県 317
20 石川県 269 44 熊本県 944
21 福井県 111 45 宮崎県 221
22 愛知県 2,125 46 鹿児島県 262
23 岐阜県 483 47 沖縄県 458
24 三重県 374 合計 35,419
新型コロナウイルスのＰＣＲ検査
総実施件数（都道府県別）
（期間：1月15日～3月20日）
※暫定値（３月20日までに地方衛生研究所・保健所から回答があった数の合計であり、
順次アップデートされるため、数値が変動する）
帰国者・接触者相談
センター
相談件数
帰国者・接触者外来
受診患者数
帰国者・接触者外来
ＰＣＲ検査実施件数
北海道 15,898 339 287
青森 1,040 67 60
岩手 1,308 36 19
宮城 2,292 90 89
秋田 1,101 28 25
山形 1,491 142 125
福島 1,161 80 56
茨城 192 203 192
栃木 4,809 171 148
群馬 4,785 270 173
埼玉 18,796 174 112
千葉 11,517 685 474
東京 29,170 944 464
神奈川 21,310 950 926
新潟 2,420 122 103
富山 230 62 32
石川 832 135 94
福井 2,214 102 81
山梨 2,313 215 166
長野 4,788 205 138
岐阜 294 218 117
静岡 8,893 259 254
愛知 2,502 264 243
三重 1,123 198 158
滋賀 3,950 147 88
京都 3,904 148 122
大阪 17,622 785 624
兵庫 5,619 186 105
奈良 1,650 228 141
和歌山 508 348 179
鳥取 1,248 48 48
島根 938 92 77
岡山 1,087 78 57
広島 12,129 337 337
山口 5,941 108 108
徳島 826 75 73
香川 921 94 88
愛媛 759 103 92
高知 1,680 128 120
福岡 13,080 696 274
佐賀 1,298 52 37
長崎 908 181 120
熊本 8,814 319 269
大分 1,637 58 35
宮崎 3,018 29 25
鹿児島 2,370 98 71
沖縄 1,800 115 63
合計 232,186 10,412 7,689
帰国者・接触者相談センターの相談件数等（都道府県別）
期間：2月1日～3月20日
（注）暫定値（3月21日までに都道府県から報告された数の合計であり、順次アップ
デートされるため、数値が変動する）
