令和２年４月16日18時時点
新型コロナウイルス感染症の国内発生動向
326
12 68 11 42 43 102 41 51
501
398
239
628
36 54
126 96 38 34 99 38
338
22 53
190
945
340
47 29 1 8 14 59 17 2 19 32 57
354
15 13 29 38 16 2 70
7
4
2
5 6 6
18
1 3
19
62
13
24
10 8
20
7
4
7 32
8
26
4 4
19
59
35
7 9 5 4
6
9 1 2
9
4
51
2 2 12 1 2
3
6
5 2
3 55
15 79
2354
21
1 3 1 4
1
2
16
17
78
1
53
3 1
54
1
16
0
500
1000
1500
2000
2500
3000
北海道
青森
岩手
宮城
秋田
山形
福島
茨城
栃木
群馬
埼玉
千葉
東京
神奈川
新潟
富山
石川
福井
山梨
長野
岐阜
静岡
愛知
三重
滋賀
京都
大阪
兵庫
奈良
和歌山
鳥取
島根
岡山
広島
山口
徳島
香川
愛媛
高知
福岡
佐賀
長崎
熊本
大分
宮崎
鹿児島
沖縄
都道府県別人数
有症者 5693 無症者 539 症状確認中 2795
新型コロナウイルス感染症の国内発生動向
（令和２年４月1６日18時時点）
【註1】チャーター機、クルーズ船案件は除く
【註2】医療機関からの届出情報との突合前
0
100
200
300
400
500
600
700
確定日別人数
有症者 5693 無症者 539 症状確認中 2795
262
1 3 8 4 24 78 104
209 268 251
505
1126
2017
833
30
9
5 7
29
44 25
79
120
143
48
1941
2
198
131
392
131
0
500
1000
1500
2000
2500
3000
確定週別人数
有症者 5693 無症者 539 症状確認中 2795
令和２年４月１６日18時時点
新型コロナウイルス感染症の国内発生動向
全体
10歳
未満
10代 20代 30代 40代 50代 60代 70代
80代
以上
1.6 0.0 0.0 0.0 0.2 0.1 0.4 1.5 5.6 11.9
死亡率（％）
0 0 0 3 2 6
16
45
75
0 0 1
1 1 2
5
21
40
63
56
18
0 0 0
1 1 2
8
23
46
79
93
0 0 1
0
10
20
30
40
50
60
70
80
90
100
年齢階級別死亡数・重症者数
死亡 重症
146 207
1503
1422
15411582
1045
808
630
38 88 17
0
200
400
600
800
1000
1200
1400
1600
1800
年齢階級別陽性者数
