新型コロナウイルス感染症の国内発生動向
（令和２年４月13日18時時点）
【註1】チャーター機、クルーズ船案件は除く
【註2】医療機関からの届出情報との突合前
205
1 3 8 4 24 78 104
209 268 251
513
1098
1882
32
9
5 7
29
44 25
79
97
139
1413
2
198
142
425
0
500
1000
1500
2000
2500
3000
確定週別人数
有症者 4749 無症者 470 症状確認中 2290
0
100
200
300
400
500
600
700
確定日別人数
有症者 4749 無症者 470 症状確認中 2290
令和２年４月13日18時時点
新型コロナウイルス感染症の国内発生動向
111
171
1247
1178
1262 1285
863
671
518
37 150 16
0
200
400
600
800
1000
1200
1400
年齢階級別陽性者数
0 0 0 0 2 5
11
37
53
0 0 1
1 1 1 5
11
29
46
34
24
0 0 0
1 1 1
5
13
34
57
71
77
0 0 1
0
10
20
30
40
50
60
70
80
90
100
年齢階級別死亡数・重症者数
死亡 重症
10歳
未満
10代 20代 30代 40代 50代 60代 70代 80代
以上
0.0 0.0 0.0 0.0 0.2 0.4 1.3 5.5 10.2
死亡率（％）
262
12 52 10 28 32 91 35 47
389 357
239
527
30 31
100 88 28 26 72 38
298
13 36
173
766
301
37 27 1 3 11 36 16 2 6 28 56
282
11 12 25 32 16 2
65
8
4
1
5 5 6
14
1 1
14 60
13
22
10 5
20 4
4
6
27
7
26
4 4
19
54
33
7 7 3 5 4 8 1 2
9
4
25
2 2 11 1 2
2
6
1 2
5 43
11
57
1919
23
2 13
1
3 2
13
1
4
13
16
50
2
17
8
66
2 1
7
0
500
1000
1500
2000
2500
北海道
青森
岩手
宮城
秋田
山形
福島
茨城
栃木
群馬
埼玉
千葉
東京
神奈川
新潟
富山
石川
福井
山梨
長野
岐阜
静岡
愛知
三重
滋賀
京都
大阪
兵庫
奈良
和歌山
鳥取
島根
岡山
広島
山口
徳島
香川
愛媛
高知
福岡
佐賀
長崎
熊本
大分
宮崎
鹿児島
沖縄
都道府県別人数
有症者 4749 無症者 470 症状確認中 2290
令和２年４月13日18時時点
新型コロナウイルス感染症の国内発生動向
