0
100
200
300
400
500
600
700
確定日別人数
有症者 6611 無症者 606 症状確認中 3391
新型コロナウイルス感染症の国内発生動向
（令和２年４月19日18時時点）
【註1】チャーター機、クルーズ船案件は除く
【註2】医療機関からの届出情報との突合前
※これ以外に2803例が確定日調査中
1 3 8 4 24 78 104
209 268 251
507
1128
2082
1610
9
4 6
29
44 25
79
125
148
101
2
197
125
332
302
0
500
1000
1500
2000
2500
3000
確定週別人数
有症者 6611 無症者 606 症状確認中 3391
0 0 0 2 2 7
21
50
87
0 0 2
1 1 2 5
23
42
67
62
28
0 0 0
1 1 2
7
25
49
88
112 115
0 0 2
0
20
40
60
80
100
120
140
年齢階級別死亡数・重症者数
死亡 重症
158
244
1724
1614
17761827
1224
957
782
38
246
18
0
200
400
600
800
1000
1200
1400
1600
1800
2000
年齢階級別陽性者数
令和２年４月19日18時時点
新型コロナウイルス感染症の国内発生動向
全体
10歳
未満
10代 20代 30代 40代 50代 60代 70代
80代
以上
1.6 0.0 0.0 0.0 0.1 0.1 0.4 1.7 5.2 11.1
死亡率（％）
令和２年４月19日18時時点
新型コロナウイルス感染症の国内発生動向
415
18 80 11 52 51 115 45 119
600
428
239
739
40 76 155 104 44 41 102 42
372
29 64
213
1074
396
53 37 3 9 14 72 21 2 21 35 63
410
16 15 35 42 16 5 78
16
4
3
5
7 11
21
1
3
19
64
13
28
10 13
21
7
5
7 32
10
29
6 7
23
64
42
9 9 5 4
6
9 1 2
10
4
55
2 3 12 1 3
3
2
3
23 169
2843
17
6 3
2
1
4
5
1
15
74
75
2 1
54
2
1
51
1 1
32
0
500
1000
1500
2000
2500
3000
3500
北海道
青森
岩手
宮城
秋田
山形
福島
茨城
栃木
群馬
埼玉
千葉
東京
神奈川
新潟
富山
石川
福井
山梨
長野
岐阜
静岡
愛知
三重
滋賀
京都
大阪
兵庫
奈良
和歌山
鳥取
島根
岡山
広島
山口
徳島
香川
愛媛
高知
福岡
佐賀
長崎
熊本
大分
宮崎
鹿児島
沖縄
都道府県別人数
有症者 6611 無症者 606 症状確認中 3391
