Annex B
Cases in S11 Dormitory cluster
826, 829, 852, 860, 946, 947, 966, 979, 982, 993, 1035, 1039, 1047, 1050, 1061, 1066,
1074, 1083, 1084, 1089, 1107, 1108, 1110, 1111, 1112, 1117, 1118, 1119, 1126, 1135,
1138, 1145, 1153, 1155, 1156, 1171, 1173, 1174, 1185, 1186, 1187, 1198, 1213, 1222,
1223, 1224, 1225, 1228, 1232, 1236, 1269, 1275, 1278, 1279, 1280, 1281, 1283, 1284,
1285, 1286, 1287, 1288, 1289, 1290, 1291, 1292, 1293, 1300, 1302, 1304, 1307, 1308,
1310, 1318, 1321,1329, 1334, 1344, 1350, 1351, 1353, 1354, 1355, 1357, 1358, 1363, 1364,
1365, 1372, 1381, 1382, 1439, 1445, 1455, 1462, 1468, 1470, 1471, 1509, 1512, 1523,
1554, 1572, 1573, 1574, 1580, 1584, 1590, 1591, 1594, 1598, 1600, 1601, 1605, 1606,
1614, 1623, 1515, 1545, 1611, 1613, 1619, 1620, 1657, 1658, 1659, 1675, 1676, 1677,
1678, 1679, 1681, 1682, 1685, 1691, 1693, 1701, 1713, 1729, 1734, 1736, 1746, 1748,
1749, 1750, 1752, 1753, 1754, 1755, 1758, 1759, 1760, 1761, 1762, 1763, 1764, 1765,
1766, 1767, 1768, 1769, 1770, 1771, 1772, 1773, 1774, 1775, 1776, 1777, 1778, 1779,
1780, 1781, 1782, 1783, 1784, 1785, 1786, 1787, 1788, 1789, 1790, 1791, 1792, 1793,
1794, 1795, 1796, 1797, 1798, 1799, 1800, 1801, 1802, 1803, 1804, 1805, 1806, 1807,
1808, 1809, 1810, 1811, 1812, 1813, 1814, 1815, 1816, 1817, 1818, 1819, 1820, 1821,
1822, 1823, 1824, 1829, 1846, 1847, 1848, 1849, 1850, 1851, 1852, 1853, 1854, 1855,
1856, 1857, 1858, 1859, 1860, 1861, 1862, 1863, 1864, 1865, 1866, 1867, 1868, 1869,
1870, 1871, 1872, 1873, 1874, 1875, 1876, 1877, 1878, 1879, 1880, 1881, 1882, 1883,
1884, 1885, 1886, 1887, 1888, 1889, 1890, 1891, 1892, 1893, 1894, 1895, 1896, 1897,
1898, 1899, 1900, 1901, 1902, 1903, 1904, 1905, 1906, 1907, 1908, 1909, 1910, 1617,
1922, 1923, 1924, 1925, 1928, 1932, 1933, 1982, 1983, 2001, 2010, 2036, 2037, 2038,
2039, 2040, 2041, 2042, 2043, 2044, 2045, 2046, 2098, 2052, 2102, 2110, 2117, 2158,
2159, 2161, 2162, 2202, 2203, 2213, 2216, 2236, 2264, 2268, 2270, 2271, 2284, 2294,
2297, 2115, 2119, 2121, 2122, 2123, 2129, 2136, 2138 and 2156.
