PCM-DPC dati forniti dal Ministero della Salute
Ricoverati
con sintomi
Terapia
intensiva
Isolamento
domiciliare
Totale
attualmente
positivi
Lombardia 9.192 790 23.891 33.873 23.352 12.940 70.165 + 1.073 302.715 190.451
Emilia Romagna 2.889 266 9.690 12.845 7.609 3.269 23.723 + 289 146.146 99.714
Piemonte 3.039 261 11.852 15.152 5.358 2.630 23.140 + 401 117.970 84.648
Veneto 1.189 140 8.596 9.925 5.750 1.206 16.881 + 143 288.075 177.154
Toscana 791 168 5.212 6.171 1.886 723 8.780 + 80 118.177 94.426
Liguria 783 91 2.592 3.466 2.536 1.047 7.049 + 131 37.842 25.045
Lazio 1.385 186 2.915 4.486 1.193 375 6.054 + 79 111.073 26.298
Marche 727 71 2.432 3.230 1.865 857 5.952 + 28 47.662 31.673
Campania 539 47 2.392 2.978 928 332 4.238 + 53 58.324 38.679
Puglia 536 55 2345 2.936 531 372 3.839 + 109 50.410 49.403
Trento 234 29 1.608 1.871 1.474 382 3.727 + 81 28.240 18.656
Sicilia 476 34 1.791 2.301 412 213 2.926 + 43 62.150 62.150
Friuli V.G. 138 18 979 1.135 1.467 256 2.858 + 41 52.918 34.057
Abruzzo 322 31 1.747 2.100 405 280 2.785 + 52 31.187 24.751
Bolzano 141 17 1.336 1.494 680 261 2.435 + 19 33.994 16.442
Umbria 100 19 236 355 946 61 1.362 + 5 29.011 19.627
Sardegna 90 20 707 817 339 98 1.254 + 7 17.844 16.094
Valle d'Aosta 91 9 363 463 506 127 1.096 + 1 5.227 4.133
Calabria 129 7 687 823 170 76 1.069 + 9 27.869 26.187
Basilicata 61 7 161 229 103 24 356 + 2 8.511 8.511
Molise 19 1 178 198 66 20 284 0 4.564 4.478
TOTALE 22.871 2.267 81.710 106.848 57.576 25.549 189.973 + 2.646 1.579.909 1.052.577
106.848
57.576
25.549
189.973
TOTALE GUARITI
TOTALE DECEDUTI
CASI TOTALI
AGGIORNAMENTO 23/04/2020 ORE 17.00
INCREMENTO
CASI TOTALI
(rispetto al giorno
precedente)
TAMPONI CASI TESTATI
ATTUALMENTE POSITIVI
Regione
POSITIVI AL nCoV
DIMESSI/
GUARITI
DECEDUTI CASI TOTALI
