PCM-DPC dati forniti dal Ministero della Salute
Ricoverati
con sintomi
Terapia
intensiva
Isolamento
domiciliare
Totale
attualmente
positivi
Lombardia 11.883 1.324 11.917 25.124 10.885 7.199 43.208 114.640
Emilia Romagna 3.765 353 6.835 10.953 1.477 1.644 14.074 54.532
Veneto 1.680 356 5.814 7.850 828 477 9.155 106.238
Piemonte 3.174 452 4.456 8.082 365 854 9.301 27.658
Toscana 1.120 293 2.813 4.226 138 244 4.608 33.165
Marche 946 169 2.237 3.352 21 452 3.825 11.724
Liguria 1.153 179 1.176 2.508 480 428 3.416 10.376
Lazio 1.127 173 1.342 2.642 291 162 3.095 34.677
Campania 501 133 1.237 1.871 88 133 2.092 14.403
Trento 354 80 955 1.389 193 164 1.746 6.973
Puglia 609 105 940 1.654 39 110 1.803 14.073
Friuli V.G. 215 60 885 1.160 320 113 1.593 14.899
Sicilia 503 72 917 1.492 74 81 1.647 15.634
Abruzzo 335 73 783 1.191 95 115 1.401 8.758
Bolzano 249 62 831 1.142 153 76 1.371 11.275
Umbria 176 43 632 851 190 37 1.078 8.685
Sardegna 113 28 516 657 34 31 722 5.257
Calabria 132 17 457 606 17 36 659 9.327
Valle d'Aosta 91 26 435 552 20 56 628 1.582
Basilicata 37 17 162 216 3 7 226 2.043
Molise 29 8 80 117 18 9 144 1.049
TOTALE 28.192 4.023 45.420 77.635 15.729 12.428 105.792 506.968
77.635
15.729
12.428
105.792
CASI TOTALI
ATTUALMENTE POSITIVI
TOTALE GUARITI
TOTALE DECEDUTI
Regione
AGGIORNAMENTO 31/03/2020 ORE 17.00
POSITIVI AL nCoV
DIMESSI/
GUARITI
DECEDUTI CASI TOTALI TAMPONI
