帰国者・接触者相談
センター
相談件数
帰国者・接触者外来
受診患者数
帰国者・接触者外来
ＰＣＲ検査実施件数
北海道 17,997 402 342
青森 1,207 105 97
岩手 1,589 58 37
宮城 2,529 114 113
秋田 1,465 113 107
山形 1,922 184 166
福島 1,500 117 83
茨城 312 326 308
栃木 5,512 223 200
群馬 5,982 333 221
埼玉 29,224 488 346
千葉 13,510 917 627
東京 36,479 1,443 758
神奈川 21,310 950 926
新潟 2,902 143 120
富山 289 87 43
石川 992 166 113
福井 2,909 154 121
山梨 2,921 265 211
長野 5,582 314 217
岐阜 309 273 142
静岡 10,521 374 367
愛知 3,454 500 447
三重 1,366 254 200
滋賀 4,792 187 120
京都 5,931 241 197
大阪 23,041 1,234 975
兵庫 10,364 577 389
奈良 1,794 279 180
和歌山 508 348 179
鳥取 1,570 61 61
島根 1,141 112 95
岡山 1,493 145 113
広島 14,814 485 478
山口 6,499 139 139
徳島 1,007 97 95
香川 1,221 131 124
愛媛 1,050 139 124
高知 2,055 143 135
福岡 14,318 838 341
佐賀 1,555 74 56
長崎 977 224 151
熊本 9,464 396 338
大分 2,209 66 38
宮崎 3,719 29 25
鹿児島 2,949 139 105
沖縄 1,800 193 84
合計 286,054 14,580 10,854
帰国者・接触者相談センターの相談件数等（都道府県別）
期間：2月1日～3月27日
（注）暫定値（3月28日までに都道府県から報告された数の合計であり、順次アップ
デートされるため、数値が変動する）
