帰国者・接触者相談
センター
相談件数
帰国者・接触者外来
受診患者数
帰国者・接触者外来
ＰＣＲ検査実施件数
北海道 15,898 339 287
青森 983 62 55
岩手 1,262 31 14
宮城 2,292 90 89
秋田 1,101 28 25
山形 1,491 142 125
福島 1,161 80 56
茨城 192 203 192
栃木 4,809 171 148
群馬 4,473 247 149
埼玉 18,796 174 112
千葉 11,139 658 458
東京 27,895 883 419
神奈川 20,562 877 855
新潟 2,420 122 103
富山 223 55 28
石川 807 133 94
福井 2,135 99 78
山梨 2,313 215 166
長野 4,656 194 131
岐阜 248 202 109
静岡 8,893 259 254
愛知 2,502 264 243
三重 1,123 159 135
滋賀 3,950 147 88
京都 3,904 148 122
大阪 17,622 785 624
兵庫 5,619 186 105
奈良 1,575 215 130
和歌山 508 348 179
鳥取 1,248 48 48
島根 938 92 77
岡山 1,087 78 57
広島 12,129 337 337
山口 5,782 99 99
徳島 826 75 73
香川 921 94 88
愛媛 707 94 83
高知 1,680 128 120
福岡 12,672 667 255
佐賀 1,298 52 37
長崎 1,071 167 110
熊本 8,287 284 238
大分 1,637 58 35
宮崎 2,862 29 25
鹿児島 2,245 93 67
沖縄 1,800 115 63
合計 227,742 10,026 7,385
帰国者・接触者相談センターの相談件数等（都道府県別）
期間：2月1日～3月18日
（注）暫定値（3月19日までに都道府県から報告された数の合計であり、順次アップ
デートされるため、数値が変動する）
