新型コロナウイルス感染症の国内発生動向
（令和２年３月30日18時時点）
【註1】チャーター機、クルーズ船案件は除く
【註2】医療機関からの届出情報との突合前
111 3131 31 1 5846488812
25
11
12
15
12
26
17
7
16
9
24
29
31
54
36
28
19
51
47
52
37
47
16
20
47
34
45
35
35
32
40
66
76
69
69
106
50
34
63 1
1
1
2
1
3
5
44
6
5
4
9
7
7
2
9
82
2
5
2
636
1
4
8
54
32
22
5
0000000000000000000000000
0000
0
000
0
0
00
0
0
0
0
0
00
0
00
0
0
0
0
0
00
0
0
01
1
0
0
000
1
3
021
42
65
76
16
00
0
50
100
150
200
250
確定日別人数
有症者 1466 無症者 195 症状確認中 226
7 1 3 8 4 24
76105
211
269
248
476
34
9
3
6
28
42
26
76
5
2
208
16
0
100
200
300
400
500
600
700
800
確定週別人数
有症者 1466 無症者 195 症状確認中 226
令和２年３月30日18時時点
新型コロナウイルス感染症の国内発生動向
2 1
19 27
6 1
1 4 8 21
15 10
22 24
222232
301296
253211
93
19
4
87
8
0
50
100
150
200
250
300
350
10歳未満
10代
20代
30代
40代
50代
60代
70代
80代
90代
不明
調査中
非公表
年齢階級別陽性者数
死亡 56 重症 59 その他 1772
15 13
173165
240
271
239
192
100
17 3
32
6
5
8
16 20
26
17
17
15
17
4 47
3
2
3
33 48
39
18
19
38
13
4
1
8
0
50
100
150
200
250
300
350
10歳未満
10代
20代
30代
40代
50代
60代
70代
80代
90代
不明
調査中
非公表
年齢階級別陽性者数
有症者 1466 無症者 195
症状確認中 226
