国内における新型コロナウイルスに係るPCR検査の実施状況（2月18日以降、結果判明日ベース） （３月26日時点）
2/18(火) 2/19(水) 2/20(木) 2/21(金) 2/22(土) 2/23(日) 2/24(月) 2/25(火) 2/26(水) 2/27(木) 2/28(金) 2/29(土) 3/1(日) 3/2(月) 3/3(火) 3/4(水) 3/５(木)
１．国立感染症研究所 472 15 20 261 341 53 22 195 267 237 53 10 0 125 20 71 83
２．検疫所 75 68 15 188 127 72 103 38 19 61 79 86 22 24 27 12 11
３．地方衛生研究所・保健所 377 616 640 922 680 534 371 699 940 994 1,258 815 497 1,068 1,667 1,413 1,463
４．民間検査会社 0 0 0 132 2 0 17 0 149 0 102 0 116 15 11 7 5
５．大学 79 0 0 108 19 0 0 0 0 0 0 0 0 0 0 0 0
６．医療機関
計 1,003 699 675 1,611 1,169 659 513 932 1,375 1,292 1,492 911 635 1,232 1,725 1,503 1,562
→保険適用開始
１．国立感染症研究所 107 18 0 0 8 69 86 4 153 12 25 35 16 22 0 0 4
２．検疫所 35 13 10 27 57 45 128 187 238 59 65 14 59 31 51 40 83
３．地方衛生研究所・保健所 1,534 1,413 519 1,011 1,668 1,463 1,369 1,106 1,058 425 815 1,501 1,406 1,413 1,175 604 629
5 11 2 4 97 81 28 34 53 0 33 62 93 83 28 121 0
0 1 0 4 18 70 26 27 45 0 33 49 89 77 24 120 0
55 16 7 83 57 62 55 63 13 3 65 56 78 72 84 19 38
20 6 4 36 24 38 23 22 9 0 39 28 45 42 3 15 20
58 44 7 41 58 66 52 87 49 104 41 33 30 51 13 12 18
7 4 4 17 20 21 20 11 4 5 17 12 17 14 11 6 13
1,794 1,515 545 1,166 1,945 1,786 1,718 1,481 1,564 603 1,044 1,701 1,682 1,672 1,351 796 772
27 11 8 57 62 129 69 60 58 5 89 89 151 133 38 141 33
(単位：件)
3/6以降の計
１．国立感染症研究所 0 2 0 0 2,806 561
２．検疫所 20 47 29 17 2,282 1,255
３．地方衛生研究所・保健所 935 1,704 1,373 1,616 39,691 24,737
34 80 142 141 1,688 1,132
32 61 139 131 946 946
94 83 91 ※ 1,300 1,094
49 32 34 489 489
25 43 45 ※ 877 877
13 27 23 266 266
1,108 1,959 1,680 1,774 48,644 29,656
94 120 196 131 1,701 1,701
※ 調査中（3月30日(月)集計予定）
斜体 はうち保険適用分＊
暫定値（３月26日までに自治体等から回答があった数の合計であり、順次アップデートされるため、数値が変動する：３月27日集計）
3/22(日)
3/13(金) 3/14(土) 3/18(水)
3/15(日) 3/16(月) 3/17(火) 3/20(金) 3/21(土)
3/19(木)
3/24(火) 3/25(水)
６．医療機関
４．民間検査会社
計
3/8(日)
５．大学
６．医療機関
計
3/23(月)
４．民間検査会社
計
3/26(木)
５．大学
3/9(月) 3/10(火) 3/11(水) 3/12(木)
＊ 4．民間検査会社分の斜体 は、医療機関からの
受託分のため全て保険適用分としている。
3/６(金) 3/7(土)
