国内における新型コロナウイルスに係るPCR検査の実施状況（結果判明日ベース）
2/18(火) 2/19(水) 2/20(木) 2/21(金) 2/22(土) 2/23(日) 2/24(月) 2/25(火) 2/26(水) 2/27(木) 2/28(金) 2/29(土) 3/1(日) 3/2(月) 3/3(火) 3/4(水) 3/５(木)
１．国立感染症研究所 472 15 20 261 341 53 22 195 267 237 53 10 0 125 20 71 83
２．検疫所 75 68 15 188 127 72 103 38 19 61 79 86 22 24 27 12 11
３．地方衛生研究所・保健所 377 616 640 922 680 534 371 699 940 994 1,258 815 497 1,068 1,667 1,413 1,463
４．民間検査会社 0 0 0 132 2 0 17 0 149 0 102 0 116 15 11 7 5
５．大学 79 0 0 108 19 0 0 0 0 0 0 0 0 0 0 0 0
６．医療機関
計 1,003 699 675 1,611 1,169 659 513 932 1,375 1,292 1,492 911 635 1,232 1,725 1,503 1,562
→保険適用開始 (単位：件)
3/6以降の計
１．国立感染症研究所 107 18 0 0 8 69 86 4 153 12 25 35 16 2,778 533
２．検疫所 35 13 10 27 57 45 128 187 238 59 65 14 58 1,963 936
３．地方衛生研究所・保健所 1,534 1,439 519 1,011 1,668 1,463 1,369 1,106 1,058 425 692 1,447 1,280 29,965 15,011
5 11 2 4 97 81 28 34 53 0 33 62 93 1,059 503
0 1 0 4 18 70 26 27 45 0 33 49 89 362 362
49 14 7 66 47 50 56 49 4 3 53 44 63 711 505
15 6 4 28 17 25 22 11 1 0 27 18 33 207 207
11 3 0 19 18 21 16 12 3 5 9 12 18 147 147
2 0 0 6 8 12 8 3 1 2 5 4 9 60 60
1,741 1,498 538 1,127 1,895 1,729 1,683 1,392 1,509 504 877 1,614 1,528 36,623 17,635
17 7 4 38 43 107 56 41 47 2 65 71 131 629 629
暫定値（３月18日までに自治体等から回答があった数の合計であり、順次アップデートされるため、数値が変動する：３月19日集計） 斜体 は保険適用分＊
3/14(土) 3/18(水) 計
計
3/15(日) 3/16(月) 3/17(火)
５．大学
＊ 4．民間検査会社分の斜体 は、医療機関からの
受託分のため全て保険適用分とした。
６．医療機関
４．民間検査会社
3/６(金) 3/7(土) 3/8(日) 3/9(月) 3/10(火) 3/11(水) 3/12(木) 3/13(金)
