ダイヤモンドプリンセス 陽性者内訳 2/21訂正
男 女 計 男 女 計 男 女 計 男 女 計 男 女 計 男 女 計 男 女 計 男 女 計 男 女 計 男 女 計
日本 0 0 0 0 1 1 0 1 1 0 0 0 1 12 13 30 48 78 67 76 143 19 14 33 1 0 1 118 152 270
アメリカ 0 0 0 1 1 2 1 1 2 0 0 0 1 4 5 12 20 32 15 20 35 8 3 11 1 0 1 39 49 88
カナダ 0 0 0 0 0 0 0 0 0 0 0 0 3 2 5 12 11 23 15 5 20 2 1 3 0 0 0 32 19 51
オーストラリア 0 3 3 2 3 5 0 0 0 0 2 2 3 4 7 8 5 13 9 8 17 2 0 2 0 0 0 24 25 49
アルゼンチン 0 0 0 0 0 0 0 1 1 0 0 0 0 0 0 0 0 0 0 0 0 1 0 1 0 0 0 1 1 2
イギリス 0 0 0 0 0 0 0 0 0 0 0 0 1 1 2 0 0 0 4 2 6 0 0 0 0 0 0 5 3 8
フィリピン 0 0 0 0 4 4 17 2 19 17 2 19 10 0 10 2 0 2 0 0 0 0 0 0 0 0 0 46 8 54
ウクライナ 0 0 0 1 0 1 0 1 1 0 0 0 0 0 0 0 0 0 0 0 0 0 0 0 0 0 0 1 1 2
香港※１ 1 1 2 1 0 1 0 1 1 0 0 0 1 6 7 5 6 11 2 5 7 1 0 1 0 0 0 11 19 30
台湾※２ 0 0 0 0 1 1 0 0 0 1 0 1 0 0 0 0 1 1 1 1 2 1 0 1 0 0 0 3 3 6
ニュージーランド 0 0 0 0 0 0 0 0 0 0 0 0 1 0 1 1 1 2 0 0 0 0 0 0 0 0 0 2 1 3
中国※３ 0 0 0 1 2 3 0 3 3 0 0 0 2 3 5 1 9 10 5 1 6 1 0 1 0 0 0 10 18 28
インド 0 0 0 5 3 8 2 1 3 0 0 0 0 0 0 0 0 0 0 0 0 0 0 0 0 0 0 7 4 11
ポルトガル 0 0 0 0 0 0 0 0 0 0 0 0 1 0 1 0 0 0 0 0 0 0 0 0 0 0 0 1 0 1
タイ 0 0 0 0 0 0 1 0 1 2 0 2 0 0 0 0 0 0 0 0 0 0 0 0 0 0 0 3 0 3
マケドニア 0 0 0 1 0 1 0 0 0 0 0 0 0 0 0 0 0 0 0 0 0 0 0 0 0 0 0 1 0 1
ルーマニア 0 0 0 0 0 0 0 0 0 1 1 2 0 0 0 0 0 0 0 0 0 0 0 0 0 0 0 1 1 2
フランス 0 0 0 0 0 0 0 0 0 0 0 0 0 0 0 1 1 2 0 0 0 1 0 1 0 0 0 2 1 3
ドイツ 0 0 0 0 0 0 0 0 0 0 0 0 0 1 1 0 0 0 1 0 1 0 0 0 0 0 0 1 1 2
キルギス 0 0 0 0 0 0 1 0 1 0 0 0 0 0 0 0 0 0 0 0 0 0 0 0 0 0 0 1 0 1
イスラエル 0 0 0 0 0 0 0 0 0 0 0 0 0 0 0 1 1 2 1 1 2 0 0 0 0 0 0 2 2 4
チリ 0 0 0 0 0 0 0 0 0 0 1 1 0 0 0 0 0 0 0 0 0 0 0 0 0 0 0 0 1 1
イタリア 0 0 0 0 0 0 0 0 0 0 0 0 1 0 1 0 0 0 1 0 1 0 0 0 0 0 0 2 0 2
インドネシア 0 0 0 3 0 3 1 0 1 0 0 0 0 0 0 0 0 0 0 0 0 0 0 0 0 0 0 4 0 4
コロンビア 0 0 0 1 0 1 0 0 0 0 0 0 0 0 0 0 0 0 0 0 0 0 0 0 0 0 0 1 0 1
ロシア 0 1 1 0 0 0 0 0 0 0 0 0 0 1 1 0 0 0 1 0 1 0 0 0 0 0 0 1 2 3
マレーシア 0 0 0 0 0 0 0 0 0 0 0 0 0 0 0 0 1 1 1 0 1 0 0 0 0 0 0 1 1 2
スロベニア 0 0 0 0 0 0 0 0 0 0 0 0 0 1 1 1 0 1 0 0 0 0 0 0 0 0 0 1 1 2
合計 1 5 6 16 15 31 23 11 34 21 6 27 25 35 60 74 104 178 123 119 242 36 18 54 2 0 2 321 313 634
※１ うち1名は乗客リストでは国籍アメリカ合衆国 ※２ うち1名は乗客リストでは国籍アメリカ合衆国 ※３ うち５名は乗客リストでは国籍香港
７０代 ８０代 ９０代 合計
６０代
１０代以下 ２０代 ３０代 ４０代 ５０代
ダイヤモンドプリンセス ２月20日陽性者内訳 2/21訂正
男 女 計 男 女 計 男 女 計 男 女 計 男 女 計 男 女 計 男 女 計 男 女 計 男 女 計 男 女 計
日本 0 0 0 0 0 0 0 0 0 0 0 0 0 0 0 0 0 0 0 0 0 0 0 0 0 0 0 0 0 0
アメリカ 0 0 0 0 0 0 0 0 0 0 0 0 0 0 0 0 0 0 0 0 0 0 0 0 0 0 0 0 0 0
カナダ 0 0 0 0 0 0 0 0 0 0 0 0 0 0 0 0 0 0 1 0 1 0 0 0 0 0 0 1 0 1
オーストラリア 0 0 0 0 1 1 0 0 0 0 0 0 0 0 0 0 0 0 0 0 0 0 0 0 0 0 0 0 1 1
アルゼンチン 0 0 0 0 0 0 0 0 0 0 0 0 0 0 0 0 0 0 0 0 0 0 0 0 0 0 0 0 0 0
イギリス 0 0 0 0 0 0 0 0 0 0 0 0 0 0 0 0 0 0 0 0 0 0 0 0 0 0 0 0 0 0
フィリピン 0 0 0 0 1 1 4 1 5 2 0 2 0 0 0 0 0 0 0 0 0 0 0 0 0 0 0 6 2 8
ウクライナ 0 0 0 0 0 0 0 0 0 0 0 0 0 0 0 0 0 0 0 0 0 0 0 0 0 0 0 0 0 0
香港 0 0 0 0 0 0 0 0 0 0 0 0 0 0 0 0 0 0 0 0 0 0 0 0 0 0 0 0 0 0
台湾 0 0 0 0 1 1 0 0 0 0 0 0 0 0 0 0 0 0 0 0 0 0 0 0 0 0 0 0 1 1
ニュージーランド 0 0 0 0 0 0 0 0 0 0 0 0 0 0 0 0 0 0 0 0 0 0 0 0 0 0 0 0 0 0
中国 0 0 0 0 0 0 0 0 0 0 0 0 0 0 0 0 0 0 0 0 0 0 0 0 0 0 0 0 0 0
インド 0 0 0 2 0 2 0 0 0 0 0 0 0 0 0 0 0 0 0 0 0 0 0 0 0 0 0 2 0 2
ポルトガル 0 0 0 0 0 0 0 0 0 0 0 0 0 0 0 0 0 0 0 0 0 0 0 0 0 0 0 0 0 0
タイ 0 0 0 0 0 0 0 0 0 0 0 0 0 0 0 0 0 0 0 0 0 0 0 0 0 0 0 0 0 0
マケドニア 0 0 0 0 0 0 0 0 0 0 0 0 0 0 0 0 0 0 0 0 0 0 0 0 0 0 0 0 0 0
ルーマニア 0 0 0 0 0 0 0 0 0 0 0 0 0 0 0 0 0 0 0 0 0 0 0 0 0 0 0 0 0 0
フランス 0 0 0 0 0 0 0 0 0 0 0 0 0 0 0 0 0 0 0 0 0 0 0 0 0 0 0 0 0 0
ドイツ 0 0 0 0 0 0 0 0 0 0 0 0 0 0 0 0 0 0 0 0 0 0 0 0 0 0 0 0 0 0
キルギス 0 0 0 0 0 0 0 0 0 0 0 0 0 0 0 0 0 0 0 0 0 0 0 0 0 0 0 0 0 0
イスラエル 0 0 0 0 0 0 0 0 0 0 0 0 0 0 0 0 0 0 0 0 0 0 0 0 0 0 0 0 0 0
チリ 0 0 0 0 0 0 0 0 0 0 0 0 0 0 0 0 0 0 0 0 0 0 0 0 0 0 0 0 0 0
イタリア 0 0 0 0 0 0 0 0 0 0 0 0 0 0 0 0 0 0 0 0 0 0 0 0 0 0 0 0 0 0
インドネシア 0 0 0 0 0 0 0 0 0 0 0 0 0 0 0 0 0 0 0 0 0 0 0 0 0 0 0 0 0 0
コロンビア 0 0 0 0 0 0 0 0 0 0 0 0 0 0 0 0 0 0 0 0 0 0 0 0 0 0 0 0 0 0
ロシア 0 0 0 0 0 0 0 0 0 0 0 0 0 0 0 0 0 0 0 0 0 0 0 0 0 0 0 0 0 0
マレーシア 0 0 0 0 0 0 0 0 0 0 0 0 0 0 0 0 0 0 0 0 0 0 0 0 0 0 0 0 0 0
スロベニア 0 0 0 0 0 0 0 0 0 0 0 0 0 0 0 0 0 0 0 0 0 0 0 0 0 0 0 0 0 0
合計 0 0 0 2 3 5 4 1 5 2 0 2 0 0 0 0 0 0 1 0 1 0 0 0 0 0 0 9 4 13
６０代 ７０代 ８０代 ９０代 合計
１０代以下 ２０代 ３０代 ４０代 ５０代
ダイヤモンドプリンセス ２月19日まで陽性者内訳 2/21訂正
男 女 計 男 女 計 男 女 計 男 女 計 男 女 計 男 女 計 男 女 計 男 女 計 男 女 計 男 女 計
日本 0 0 0 0 1 1 0 1 1 0 0 0 1 12 13 30 48 78 67 76 143 19 14 33 1 0 1 118 152 270
アメリカ 0 0 0 1 1 2 1 1 2 0 0 0 1 4 5 12 20 32 15 20 35 8 3 11 1 0 1 39 49 88
カナダ 0 0 0 0 0 0 0 0 0 0 0 0 3 2 5 12 11 23 14 5 19 2 1 3 0 0 0 31 19 50
オーストラリア 0 3 3 2 2 4 0 0 0 0 2 2 3 4 7 8 5 13 9 8 17 2 0 2 0 0 0 24 24 48
アルゼンチン 0 0 0 0 0 0 0 1 1 0 0 0 0 0 0 0 0 0 0 0 0 1 0 1 0 0 0 1 1 2
イギリス 0 0 0 0 0 0 0 0 0 0 0 0 1 1 2 0 0 0 4 2 6 0 0 0 0 0 0 5 3 8
フィリピン 0 0 0 0 3 3 13 1 14 15 2 17 10 0 10 2 0 2 0 0 0 0 0 0 0 0 0 40 6 46
ウクライナ 0 0 0 1 0 1 0 1 1 0 0 0 0 0 0 0 0 0 0 0 0 0 0 0 0 0 0 1 1 2
香港※１ 1 1 2 1 0 1 0 1 1 0 0 0 1 6 7 5 6 11 2 5 7 1 0 1 0 0 0 11 19 30
台湾※２ 0 0 0 0 0 0 0 0 0 1 0 1 0 0 0 0 1 1 1 1 2 1 0 1 0 0 0 3 2 5
ニュージーランド 0 0 0 0 0 0 0 0 0 0 0 0 1 0 1 1 1 2 0 0 0 0 0 0 0 0 0 2 1 3
中国※３ 0 0 0 1 2 3 0 3 3 0 0 0 2 3 5 1 9 10 5 1 6 1 0 1 0 0 0 10 18 28
インド 0 0 0 3 3 6 2 1 3 0 0 0 0 0 0 0 0 0 0 0 0 0 0 0 0 0 0 5 4 9
ポルトガル 0 0 0 0 0 0 0 0 0 0 0 0 1 0 1 0 0 0 0 0 0 0 0 0 0 0 0 1 0 1
タイ 0 0 0 0 0 0 1 0 1 2 0 2 0 0 0 0 0 0 0 0 0 0 0 0 0 0 0 3 0 3
マケドニア 0 0 0 1 0 1 0 0 0 0 0 0 0 0 0 0 0 0 0 0 0 0 0 0 0 0 0 1 0 1
ルーマニア 0 0 0 0 0 0 0 0 0 1 1 2 0 0 0 0 0 0 0 0 0 0 0 0 0 0 0 1 1 2
フランス 0 0 0 0 0 0 0 0 0 0 0 0 0 0 0 1 1 2 0 0 0 1 0 1 0 0 0 2 1 3
ドイツ 0 0 0 0 0 0 0 0 0 0 0 0 0 1 1 0 0 0 1 0 1 0 0 0 0 0 0 1 1 2
キルギス 0 0 0 0 0 0 1 0 1 0 0 0 0 0 0 0 0 0 0 0 0 0 0 0 0 0 0 1 0 1
イスラエル 0 0 0 0 0 0 0 0 0 0 0 0 0 0 0 1 1 2 1 1 2 0 0 0 0 0 0 2 2 4
チリ 0 0 0 0 0 0 0 0 0 0 1 1 0 0 0 0 0 0 0 0 0 0 0 0 0 0 0 0 1 1
イタリア 0 0 0 0 0 0 0 0 0 0 0 0 1 0 1 0 0 0 1 0 1 0 0 0 0 0 0 2 0 2
インドネシア 0 0 0 3 0 3 1 0 1 0 0 0 0 0 0 0 0 0 0 0 0 0 0 0 0 0 0 4 0 4
コロンビア 0 0 0 1 0 1 0 0 0 0 0 0 0 0 0 0 0 0 0 0 0 0 0 0 0 0 0 1 0 1
ロシア 0 1 1 0 0 0 0 0 0 0 0 0 0 1 1 0 0 0 1 0 1 0 0 0 0 0 0 1 2 3
マレーシア 0 0 0 0 0 0 0 0 0 0 0 0 0 0 0 0 1 1 1 0 1 0 0 0 0 0 0 1 1 2
スロベニア 0 0 0 0 0 0 0 0 0 0 0 0 0 1 1 1 0 1 0 0 0 0 0 0 0 0 0 1 1 2
合計 1 5 6 14 12 26 19 10 29 19 6 25 25 35 60 74 104 178 122 119 241 36 18 54 2 0 2 312 309 621
※１ うち1名は乗客リストでは国籍アメリカ合衆国 ※２ うち1名は乗客リストでは国籍アメリカ合衆国 ※３ うち３名は乗客リストでは国籍香港
１０代以下 ２０代 ３０代 ４０代 ５０代 ６０代 ７０代 ８０代 ９０代 合計
相談を受けた件数
回線数
ｺｰﾙｾﾝﾀｰ FAX(*1) ﾒｰﾙ(*2)
１月28日(火) 99件 - - ３
１月29日(水) 250件 - - ３
１月30日(木) 306件 - - ３
１月31日(金) 512件 - -
３(9時-)→４(15
時)→12(18時-)
２月１日(土) 840件 - - 12
２月２日(日) 716件 - - 12(9時-)→22(12時-)
２月３日(月) 1,129件 - - 22(9時-)→72(14時-)
２月４日(火) 982件 - - 72
２月５日(水) 929件 - - 72
２月６日(木) 829件 - - 72
２月７日(金) 1,331件 - - 85(*3)
２月８日(土) 673件 - - 85
２月９日(日) 625件 - - 85
２月10日(月) 958件 - - 100
２月11日(火) 624件 - - 100
２月12日(水) 1,185件 - - 155
２月13日(木) 893件 - - 155
２月14日(金) 2,142件 0件 - 155
２月15日(土) 2,732件 0件 - 155
２月16日(日) 3,415件 0件 - 155
２月17日(月) 6,368件 1件 - 180
２月18日(火) 4,427件 3件 - 180
２月19日(水) 3,596件 4件 0件 180
２月20日(木) 3,303件 10件 1件 180
新型コロナウイルスに係る厚生労働省電話相談窓口
（コールセンター）の対応状況等について
＜これまでの主な相談内容（例）＞
• 現在の症状に対する不安
• 予防法、消毒、対処法等医療に関す
る一般的事項
• 政府の対策についてのご意見
• 渡航に関する相談
• 国内発症例の詳細な行動履歴につい
て
• その他
(*1) 2/14正午設置。
(*2) 2/19正午設置（全日本ろうあ連盟
ホームページで周知） 。
(*3) フリーダイヤル化・外部委託に移行
＜報道各社に御願い＞
最近、間違い電話が多数発生し
ており、別のフリーダイヤルにつな
がる事象が確認されております。
報道におかれましては、「電話番
号のお間違えのないよう」などの
丁寧なご周知を御願い致します。
クルーズ船への医薬品の提供状況（2 月 21 日 17:00 時点）
○ 船会社等を経由して乗客からの申し出があったもの（累計約 1，850 人分
（重複あり）
）については、2/11 午前までで配布済み
○ 船内に医薬品、薬剤師等を配備し、乗客からの問い合わせや医薬品の要望
について対応を行っており、船内で対応不可な依頼については、船外（ふ頭）
に用意した医薬品を用いて用意し、船内に搬入している。
○ 2/11 朝から船内に専用ダイヤルを設けて医薬品のお問い合わせへの対応
開始
○ 2/14 に 1 部屋に 1 台ずつスマートフォンを配布し、スマートフォン経由
でも薬についての照会を受け付け。
○ 船内の問い合わせ件数
・2/15 合計 93 件(うち電話 68 件、
スマートフォン経由 25 件)※18:15 時点
・2/16 合計 45 件(うち電話 28 件、
スマートフォン経由 17 件)※16:50 時点
・2/17 合計 96 件(うち電話 65 件、
スマートフォン経由 31 件)※20:00 時点
・2/18 合計 33 件(うち電話 22 件、
スマートフォン経由 11 件)※20:00 時点
・2/19 合計 21 件(うち電話 15 件、スマートフォン経由６件)※16:40 時点
・2/20 合計 17 件(うち電話 14 件、スマートフォン経由３件)※16:40 時点
・2/21 合計 10 件(うち電話６件、スマートフォン経由４件)※17:00 時点
照会先：医薬品等物資班
古川（２５２７、８０７７）
※下線部は更新部分
