新型コロナウイルス感染症の国内発生動向
（令和２年４月８日18時時点）
【註1】チャーター機、クルーズ船案件は除く
【註2】医療機関からの届出情報との突合前
152
1 3 8 4 24 78105
209270249
501
1017
448
24
9
3 6
29
42 26
77
83
36
708
2
198
156
199
0
200
400
600
800
1000
1200
1400
確定週別人数
有症者 3069 無症者 335 症状確認中 1263
1 111 3131 31 1 58464888
14
25
11
12
15
12
26
19
6
15
9
23
29
31
53
36
28
21
50
47
52
37
47
16
20
48
32
47
34
35
33
39
66
78
75
75
115
53
80
157
113
131
198
200
138
92
259
97
63 1
1
1
21
3
5
1
44
6
5
4
9
77
2
9
82
2
5
2
6361
4
864
32
22
13
6
19
7
21
13
4
7
20
9
00000000000000000000000000000
0000
0
000
0
0
00
00
00
0
00
0
00
0
0
00
000
0
0
01
1
0
0
0000
3
0
19
40
60
76
14
84
23
9
11
9
6
7
38
10
0
50
100
150
200
250
300
350
確定日別人数
有症者 3069 無症者 335 症状確認中 1263
令和２年４月８日18時時点
新型コロナウイルス感染症の国内発生動向
2 5 6 30 32 9 1
1 4 6 20 36
30 12
51 89
771
705
765743
519
384
181
43
28
184
10
0
100
200
300
400
500
600
700
800
900
10歳未満
10代
20代
30代
40代
50代
60代
70代
80代
90代
不明
調査中
非公表
年齢階級別陽性者数
死亡 85 重症 109 その他 4473
29 44
516
423
527577
417
305
150
32 3 38 8
13
29
46
37
48
28
28
23
24
7
1
48 3
1016
209
249
198 163
116
116
51
13
24
98
0
100
200
300
400
500
600
700
800
900
10歳未満
10代
20代
30代
40代
50代
60代
70代
80代
90代
不明
調査中
非公表
年齢階級別陽性者数
有症者 3069 無症者 335
症状確認中 1263
令和２年４月８日18時時点
新型コロナウイルス感染症の国内発生動向
207
10 33 8 16 24 58 21 29
224
241
238
282
29 11 53 66 19 15 48 14
254
9 22
114
476
183
24 26 10 18 11 2 2 22 34
118
9 10 21 30 11 2 15
1
2 1 3 5 5
12
13
49 13
15
6 3
3 1 2 20
1
24
4 2
16
47
31
6 3 5 2 6 1 1
3
3
9
2 2 11 1 1
1
7
5
27
1096
30
2
10
3 2
1
19
2
2
3
34
2 17
0
200
400
600
800
1000
1200
1400
1600
北海道
青森
岩手
宮城
秋田
山形
福島
茨城
栃木
群馬
埼玉
千葉
東京
神奈川
新潟
富山
石川
福井
山梨
長野
岐阜
静岡
愛知
三重
滋賀
京都
大阪
兵庫
奈良
和歌山
鳥取
島根
岡山
広島
山口
徳島
香川
愛媛
高知
福岡
佐賀
長崎
熊本
大分
宮崎
鹿児島
沖縄
都道府県別人数
有症者 3069 無症者 335 症状確認中 1263
