帰国者・接触者相談
センター
相談件数
帰国者・接触者外来
受診患者数
帰国者・接触者外来
ＰＣＲ検査実施件数
北海道 11,594 258 229
青森 774 45 44
岩手 1,044 26 20
宮城 133 62 61
秋田 109 19 16
山形 1,176 113 96
福島 857 54 36
茨城 125 134 124
栃木 3,847 113 93
群馬 2,959 165 88
埼玉 18,796 174 112
千葉 8,707 471 330
東京 20,861 555 252
神奈川 13,474 433 417
新潟 1,788 103 84
富山 186 37 21
石川 664 99 76
福井 1,754 73 60
山梨 1,677 131 95
長野 3,729 136 86
岐阜 201 149 89
静岡 6,980 192 189
愛知 1,456 264 243
三重 889 104 87
滋賀 2,998 109 63
京都 2,102 47 45
大阪 9,929 412 329
兵庫 2,899 166 90
奈良 1,170 153 81
和歌山 343 231 118
鳥取 927 35 35
島根 381 43 35
岡山 767 47 33
広島 9,293 212 212
山口 4,724 65 65
徳島 670 59 57
香川 638 46 43
愛媛 431 71 62
高知 404 82 76
福岡 10,117 506 182
佐賀 962 35 24
長崎 664 63 36
熊本 7,225 216 175
大分 1,313 41 26
宮崎 2,205 27 23
鹿児島 1,793 60 44
沖縄 1,466 56 48
合計 167,201 6,692 4,850
帰国者・接触者相談センターの相談件数等（都道府県別）
期間：2月1日～3月11日
（注）暫定値（3月12日までに都道府県から報告された数の合計であり、順次アップ
デートされるため、数値が変動する）
