PCM-DPC dati forniti dal Ministero della Salute
Ricoverati
con sintomi
Terapia
intensiva
Isolamento
domiciliare
Totale
attualmente
positivi
Lombardia 12.002 1.326 13.892 27.220 13.242 8.656 49.118 141.877
Emilia Romagna 3859 358 8306 12.523 2.040 1.977 16.540 67.075
Piemonte 3.441 450 5.802 9.693 888 1.128 11.709 37.181
Veneto 1691 324 7078 9.093 1.124 607 10.824 133.289
Toscana 1129 286 3639 5.054 310 307 5.671 47.886
Marche 997 153 2347 3.497 270 574 4.341 14.472
Liguria 1121 169 1604 2.894 767 542 4.203 14.087
Lazio 1236 193 1677 3.106 439 212 3.757 44.624
Campania 567 114 1815 2.496 146 186 2.828 21.534
Trento 353 81 1.319 1.753 257 210 2.220 9.863
Puglia 627 153 1193 1.973 94 173 2.240 18.977
Friuli V.G. 183 50 1.103 1.336 505 145 1.986 21.126
Sicilia 553 74 1.099 1.726 95 111 1.932 19.896
Abruzzo 354 71 931 1.356 119 153 1.628 12.837
Bolzano 291 61 849 1.201 245 146 1.592 15.045
Umbria 167 44 716 927 242 41 1.210 11.809
Sardegna 123 24 642 789 44 41 874 6.789
Calabria 178 15 469 662 30 49 741 12.314
Valle d'Aosta 63 23 474 560 106 82 748 2.274
Basilicata 44 19 181 244 9 11 264 2.765
Molise 31 6 134 171 24 11 206 1.504
TOTALE 29.010 3.994 55.270 88.274 20.996 15.362 124.632 657.224
88.274
20.996
15.362
124.632
TOTALE DECEDUTI
CASI TOTALI
ATTUALMENTE POSITIVI
TOTALE GUARITI
Regione
AGGIORNAMENTO 04/04/2020 ORE 17.00
POSITIVI AL nCoV
DIMESSI/
GUARITI
DECEDUTI CASI TOTALI TAMPONI
