帰国者・接触者相談
センター
相談件数
帰国者・接触者外来
受診患者数
帰国者・接触者外来
ＰＣＲ検査実施件数
北海道 16,390 357 303
青森 1,062 70 63
岩手 1,427 44 26
宮城 2,458 102 101
秋田 1,465 113 107
山形 1,683 156 139
福島 1,349 103 76
茨城 210 233 221
栃木 5,400 204 182
群馬 5,138 292 187
埼玉 29,224 488 346
千葉 12,047 754 526
東京 31,134 1,083 538
神奈川 21,310 950 926
新潟 2,709 131 110
富山 253 74 38
石川 897 150 105
福井 2,599 123 98
山梨 2,839 252 164
長野 5,008 231 158
岐阜 275 244 128
静岡 9,869 302 294
愛知 2,983 363 333
三重 1,123 198 158
滋賀 4,262 166 104
京都 3,904 148 122
大阪 19,412 966 767
兵庫 5,619 186 105
奈良 1,722 232 145
和歌山 508 348 179
鳥取 1,433 55 55
島根 1,028 98 83
岡山 1,284 106 80
広島 13,790 421 421
山口 6,038 111 111
徳島 935 86 84
香川 1,082 109 103
愛媛 948 119 107
高知 1,837 136 128
福岡 13,830 777 316
佐賀 1,451 63 47
長崎 908 209 140
熊本 9,033 334 282
大分 1,979 66 38
宮崎 3,473 29 25
鹿児島 2,645 113 84
沖縄 1,800 193 84
合計 257,773 12,088 8,937
帰国者・接触者相談センターの相談件数等（都道府県別）
期間：2月1日～3月23日
（注）暫定値（3月24日までに都道府県から報告された数の合計であり、順次アップ
デートされるため、数値が変動する）
