新型コロナウイルス感染症の国内発生動向
（令和２年３月19日18時時点）
【註1】チャーター機、クルーズ船案件は除く
【註2】医療機関からの届出情報との突合前
0
10
20
30
40
50
60
70
調査中
1月16日
1月18日
1月20日
1月22日
1月24日
1月26日
1月28日
1月30日
2月1日
2月3日
2月5日
2月7日
2月9日
2月11日
2月13日
2月15日
2月17日
2月19日
2月21日
2月23日
2月25日
2月27日
2月29日
3月2日
3月4日
3月6日
3月8日
3月10日
3月12日
3月14日
3月16日
3月18日
確定日別人数
有症者 829 無症者 97 症状確認中 2
14 1 3 8 4 23
78
105
208
264
121
9
3
6
27
43
9
2
0
50
100
150
200
250
300
350
確定週別人数
有症者 829 無症者 97 症状確認中 2
新型コロナウイルス感染症の国内発生動向
（令和２年３月19日18時時点）
【註1】チャーター機、クルーズ船案件は除く
【註2】医療機関からの届出情報との突合前
2 2 1 4 5 1
1 2 17 13 2 3
4 1
23 33
13 1
2
4
25
21
1 2
12 8
21
44
74
149 177
146
12
0
50
100
150
200
250
発症週別有症者数
屋形船 15 ハワイ 38 大阪ライブハウス 75 愛知デイサービス 31 その他 667
令和２年３月19日18時時点
新型コロナウイルス感染症の国内発生動向
13 4
71
84
111
173
154
129
76
9 5
4
4
7
14
22
15
11
4
11
2 3
0
20
40
60
80
100
120
140
160
180
200
年齢階級別陽性者数
有症者 829 無症者 97
1 9 16
5 1
1 2 8 15
18 7
17 8
77
98
131
180
149
106
64
6
7
0
20
40
60
80
100
120
140
160
180
200
年齢階級別陽性者数
死亡 32 重症 51 その他 843
