国内における新型コロナウイルスに係るPCR検査の実施状況（2月18日以降、結果判明日ベース） （３月23日時点）
2/18(火) 2/19(水) 2/20(木) 2/21(金) 2/22(土) 2/23(日) 2/24(月) 2/25(火) 2/26(水) 2/27(木) 2/28(金) 2/29(土) 3/1(日) 3/2(月) 3/3(火) 3/4(水) 3/５(木)
472 15 20 261 341 53 22 195 267 237 53 10 0 125 20 71 83
75 68 15 188 127 72 103 38 19 61 79 86 22 24 27 12 11
377 616 640 922 680 534 371 699 940 994 1,258 815 497 1,068 1,667 1,413 1,463
0 0 0 132 2 0 17 0 149 0 102 0 116 15 11 7 5
79 0 0 108 19 0 0 0 0 0 0 0 0 0 0 0 0
1,003 699 675 1,611 1,169 659 513 932 1,375 1,292 1,492 911 635 1,232 1,725 1,503 1,562
→保険適用開始 (単位：件)
3/6以降の計
107 18 0 0 8 69 86 4 153 12 25 35 16 22 0 0 4 0 2,804 559
35 13 10 27 57 45 128 187 238 59 65 14 59 31 51 40 83 9 2,178 1,151
1,534 1,439 519 1,011 1,668 1,463 1,369 1,106 1,058 425 815 1,498 1,402 1,412 1,175 604 629 935 35,016 20,062
5 11 2 4 97 81 28 34 53 0 33 62 93 83 28 121 0 34 1,325 769
0 1 0 4 18 70 26 27 45 0 33 49 89 77 24 120 0 32 615 615
49 14 7 66 47 50 56 49 4 3 53 44 68 45 84 14 38 ※ 897 691
15 6 4 28 17 25 22 11 1 0 27 18 36 20 3 8 20 261 261
59 26 3 33 32 42 25 19 10 77 47 23 40 37 10 17 16 ※ 516 516
4 4 2 14 18 21 16 7 5 10 12 9 13 17 8 11 11 182 182
1,789 1,521 541 1,141 1,909 1,750 1,692 1,399 1,516 576 1,038 1,676 1,678 1,630 1,348 796 770 978 42,736 23,748
19 11 6 46 53 116 64 45 51 10 72 76 138 114 35 139 31 32 1,058 1,058
暫定値（３月23日までに自治体等から回答があった数の合計であり、順次アップデートされるため、数値が変動する：３月24日集計） 斜体 はうち保険適用分＊
※ 調査中（3月26日集計予定）
3/23(月)
3/9(月) 3/10(火) 3/11(水) 3/12(木)
＊ 4．民間検査会社分の斜体 は、医療機関からの
受託分のため全て保険適用分としている。
計
3/６(金) 3/7(土) 3/8(日) 3/22(日)
3/13(金) 3/14(土) 3/18(水)
3/15(日) 3/16(月) 3/17(火) 3/20(金) 3/21(土)
3/19(木)
６．医療機関
計
１．国立感染症研究所
２．検疫所
３．地方衛生研究所・保健所
４．民間検査会社
５．大学
都道府県名 陽性者数 検査人数 備考 都道府県名 陽性者数 検査人数 備考
北海道 163 1794 滋賀県 5 173
青森県 2 85 京都府 26 930
岩手県 0 36 大阪府 142 169 ※１
宮城県 1 162 兵庫県 115 1607
秋田県 2 200 奈良県 9 214
山形県 0 147 和歌山県 17 1316
福島県 2 164 鳥取県 0 129
茨城県 5 576 島根県 0 105
栃木県 6 299 岡山県 1 219
群馬県 13 209 広島県 3 656
埼玉県 58 898 山口県 4 192
千葉県 48 39 ※1 徳島県 1 96
東京都 172 2013 香川県 1 160
神奈川県 80 69 ※1 愛媛県 3 215
新潟県 28 812 高知県 12 307
富山県 0 67 福岡県 9 703
石川県 8 192 佐賀県 1 115
福井県 1 114 長崎県 1 253
山梨県 4 370 熊本県 7 543
長野県 5 339 大分県 18 743
岐阜県 12 317 宮崎県 3 205
静岡県 3 584 鹿児島県 0 196
愛知県 148 1895 沖縄県 4 271
三重県 9 368 合計 1,152 21266
※１
※なお、PCR検査実施人数は、疑似症サーベイランスの枠組みの中で報告が上がった数を計上して
おり、各自治体で行った全ての検査結果を反映しているものではない（退院時の確認検査などは含
まれていない）。
新型コロナウイルス陽性者数(チャーター便帰国者を除く)とPCR検査
実施人数（都道府県別）【1/15～3/24】
複数の検体を重複してカウントしているため、合計数には含めていない。なお、神奈川県にお
いてはクルーズ船を含む2835件の検査が行われた。また、千葉県において3/20までに1716件、
大阪府において3/22までに2350件の検査が行われた。なお、千葉県は3/21より、神奈川県は
3/23より、大阪府は3/22より検査人数を計上している。
都道府県名 総実施件数 都道府県名 総実施件数
1 北海道 2,248 25 滋賀県 213
2 青森県 170 26 京都府 782
3 秋田県 195 27 大阪府 3,298
4 岩手県 48 28 兵庫県 1,791
5 宮城県 218 29 奈良県 390
6 山形県 219 30 和歌山県 1,633
7 福島県 320 31 鳥取県 158
8 新潟県 882 32 島根県 151
9 茨城県 797 33 岡山県 262
10 栃木県 413 34 広島県 1,114
11 群馬県 311 35 山口県 266
12 埼玉県 1,239 36 徳島県 136
13 千葉県 2,464 37 香川県 150
14 東京都 2,850 38 愛媛県 250
15 神奈川県 3,370 39 高知県 342
16 山梨県 566 40 福岡県 1,206
17 長野県 445 41 佐賀県 170
18 静岡県 815 42 長崎県 369
19 富山県 71 43 大分県 372
20 石川県 276 44 熊本県 958
21 福井県 112 45 宮崎県 228
22 愛知県 2,156 46 鹿児島県 267
23 岐阜県 483 47 沖縄県 467
24 三重県 382 合計 36,023
新型コロナウイルスのＰＣＲ検査
総実施件数（都道府県別）
（期間：1月15日～3月21日）
※暫定値（３月21日までに地方衛生研究所・保健所から回答があった数の合計であり、
順次アップデートされるため、数値が変動する）
帰国者・接触者相談
センター
相談件数
帰国者・接触者外来
受診患者数
帰国者・接触者外来
ＰＣＲ検査実施件数
北海道 15,898 339 287
青森 1,055 67 60
岩手 1,308 36 19
宮城 2,292 90 89
秋田 1,101 41 38
山形 1,491 142 125
福島 1,161 80 56
茨城 192 203 192
栃木 4,809 171 148
群馬 4,864 279 181
埼玉 18,796 174 112
千葉 11,517 685 474
東京 29,170 944 464
神奈川 21,310 950 926
新潟 2,420 122 103
富山 237 64 33
石川 854 139 97
福井 2,214 102 81
山梨 2,313 215 166
長野 4,788 205 138
岐阜 334 228 121
静岡 8,893 259 254
愛知 2,502 264 243
三重 1,123 198 158
滋賀 3,950 147 88
京都 3,904 148 122
大阪 17,622 785 624
兵庫 5,619 186 105
奈良 1,692 232 145
和歌山 508 348 179
鳥取 1,248 48 48
島根 938 92 77
岡山 1,087 78 57
広島 12,129 337 337
山口 5,994 109 109
徳島 826 75 73
香川 921 94 88
愛媛 759 103 92
高知 1,680 128 120
福岡 13,080 696 274
佐賀 1,298 52 37
長崎 908 181 120
熊本 8,924 329 278
大分 1,637 58 35
宮崎 3,018 29 25
鹿児島 2,370 98 71
沖縄 1,800 115 63
合計 232,554 10,465 7,732
帰国者・接触者相談センターの相談件数等（都道府県別）
期間：2月1日～3月21日
（注）暫定値（3月22日までに都道府県から報告された数の合計であり、順次アップ
デートされるため、数値が変動する）
