新型コロナウイルス感染症の国内発生動向
（令和２年４月7日18時時点）
【註1】チャーター機、クルーズ船案件は除く
【註2】医療機関からの届出情報との突合前
1 111 3131 31 1 58464888
14
25
11
12
15
12
26
19
6
15
9
23
29
31
53
36
28
20
51
47
52
37
47
16
20
48
32
47
34
35
33
39
66
78
75
75
115
53
80
156
113
125
192
200
137
86
144
63 1
1
1
21
3
5
1
44
6
5
4
9
77
2
9
82
2
5
2
6361
4
864
32
22
13
6
19
7
21
12
4
6
5
00000000000000000000000000000
0000
0
000
0
0
00
00
00
0
00
0
00
0
0
00
000
0
0
01
1
0
0
0000
3
0
19
40
60
76
14
84
23
15
10
9
6
10
17
0
50
100
150
200
250
300
確定日別人数
有症者 2771 無症者 306 症状確認中 1091
86
1 3 8 4 24 78105
209270249
501
1003
230
21
9
3 6
29
42 26
77
82
11
703
2
198
161
27
0
200
400
600
800
1000
1200
1400
確定週別人数
有症者 2771 無症者 306 症状確認中 1091
令和２年４月７日18時時点
新型コロナウイルス感染症の国内発生動向
1 4 6 31 30 8 1
1 3 7 18 30
29 11
47 75
682
613
676649
477
346
165
41
26
181
10
0
100
200
300
400
500
600
700
800
10歳未満
10代
20代
30代
40代
50代
60代
70代
80代
90代
不明
調査中
非公表
年齢階級別陽性者数
死亡 81 重症 99 その他 3988
28 39
460
371
463
510
391
292
141
30 3 35 8
11
22
43
33
44
27
24
20
23
7
1
48 3
9 14
179
212
177 134
98
94
42
12
22
98
0
100
200
300
400
500
600
700
800
10歳未満
10代
20代
30代
40代
50代
60代
70代
80代
90代
不明
調査中
非公表
年齢階級別陽性者数
有症者 2771 無症者 306
症状確認中 1091
令和２年４月７日18時時点
新型コロナウイルス感染症の国内発生動向
197
9 26 8 15 19 58 15 29
192
210
238
255
28 10 39 56 15 12 40 9
238
9 16
106
434
183
22 25 8 14 10 2 1 14 33
93
8 8 19 24 7 2 15
1
2 1 3 3 5
12
12
49 13 15
6 2
3 1 2 10
1
20
4 2
16
46
31
6 3 4 2 3 1 1
2
3
9
1 2 8
1
1
7
5
25
952
9
9
4
1
17
2
2
3 7
34
1 12
0
200
400
600
800
1000
1200
1400
北海道
青森
岩手
宮城
秋田
山形
福島
茨城
栃木
群馬
埼玉
千葉
東京
神奈川
新潟
富山
石川
福井
山梨
長野
岐阜
静岡
愛知
三重
滋賀
京都
大阪
兵庫
奈良
和歌山
鳥取
島根
岡山
広島
山口
徳島
香川
愛媛
高知
福岡
佐賀
長崎
熊本
大分
宮崎
鹿児島
沖縄
都道府県別人数
有症者 2771 無症者 306 症状確認中 1091
