PCM-DPC dati forniti dal Ministero della Salute
Ricoverati
con sintomi
Terapia
intensiva
Isolamento
domiciliare
Totale
attualmente
positivi
Lombardia 11.802 1.381 13.006 26.189 13.020 8.311 47.520 135.051
Emilia Romagna 3915 364 7899 12.178 1.852 1.902 15.932 63.682
Piemonte 3.300 452 5.378 9.130 723 1.043 10.896 34.281
Veneto 1714 335 6812 8.861 1.031 572 10.464 126.490
Toscana 1.149 288 3.472 4.909 300 290 5.499 44.460
Marche 982 158 2491 3.631 42 557 4.230 13.678
Liguria 1147 173 1426 2.746 700 519 3.965 12.934
Lazio 1194 188 1627 3.009 392 199 3.600 43.776
Campania 532 115 1705 2.352 144 181 2.677 19.237
Trento 343 80 1.236 1.659 246 204 2.109 8.993
Puglia 648 123 1178 1.949 69 164 2.182 17.924
Friuli V.G. 201 61 1.062 1.324 419 136 1.879 19.985
Sicilia 535 73 1.056 1.664 94 101 1.859 18.686
Abruzzo 361 76 864 1.301 116 146 1.563 11.890
Bolzano 291 60 858 1.209 211 139 1.559 13.976
Umbria 165 48 707 920 220 39 1.179 10.614
Sardegna 122 24 598 744 40 41 825 6.478
Calabria 183 17 462 662 26 45 733 11.608
Valle d'Aosta 85 25 450 560 89 70 719 2.106
Basilicata 41 19 187 247 3 11 261 2.622
Molise 31 8 105 144 21 11 176 1.378
TOTALE 28.741 4.068 52.579 85.388 19.758 14.681 119.827 619.849
85.388
19.758
14.681
119.827
CASI TOTALI
ATTUALMENTE POSITIVI
TOTALE GUARITI
TOTALE DECEDUTI
Regione
AGGIORNAMENTO 03/04/2020 ORE 17.00
POSITIVI AL nCoV
DIMESSI/
GUARITI
DECEDUTI CASI TOTALI TAMPONI
