新型コロナウイルス感染症の国内発生動向
（令和２年４月11日18時時点）
【註1】チャーター機、クルーズ船案件は除く
【註2】医療機関からの届出情報との突合前
0
100
200
300
400
500
600
確定日別人数
有症者 4257 無症者 420 症状確認中 1939
174
1 3 8 4 24 78 104
209 268 251
513
1089
1531
30
9
5 7
29
44 25
79
94
98
1227
2
198
143
369
0
500
1000
1500
2000
2500
確定週別人数
有症者 4257 無症者 420 症状確認中 1939
令和２年４月11日18時時点
新型コロナウイルス感染症の国内発生動向
2 6 9 34 35 11 1
1 1 5 9
24 38 31 19 1
84
151
1103
1053
1112
1098
727
537
280
78
20
135 11
0
200
400
600
800
1000
1200
10歳未満
10代
20代
30代
40代
50代
60代
70代
80代
90代以上
不明
調査中
非公表
年齢階級別陽性者数
死亡 98 重症 129 その他 6389
47 82
708
614
734
807
547
411
211
54 3 30 9
23
37
68
55
64
49
46
28
30
9
1 7
3
1533
327
389
325
272
181
163
93
27
16
98
0
200
400
600
800
1000
1200
10歳未満
10代
20代
30代
40代
50代
60代
70代
80代
90代以上
不明
調査中
非公表
年齢階級別陽性者数
症状確認中 1939 無症者 420
有症者 4257
令和２年４月11日18時時点
新型コロナウイルス感染症の国内発生動向
250
12 45 10 25 32 78 31 40
321 340
239
423
30 19
87 82
26 23 61 32
309
13 34
150
697
273
32 26 1 2 11 29 13 2 3 27 50
245
10 12 21 31 16 2 42
5
4
1
3 5 5
12
1
13
50
13
17
10 4
14 4
4
5
24
6
27
4 4
19
53
33
7 7 3 5 2 6 1 1
3
4
23
2 2 11 1 2
6 2
1 39
11
21
1662
25
1
3
2
6
1
4
12
17
52
1
64
2
7
0
500
1000
1500
2000
2500
北海道
青森
岩手
宮城
秋田
山形
福島
茨城
栃木
群馬
埼玉
千葉
東京
神奈川
新潟
富山
石川
福井
山梨
長野
岐阜
静岡
愛知
三重
滋賀
京都
大阪
兵庫
奈良
和歌山
鳥取
島根
岡山
広島
山口
徳島
香川
愛媛
高知
福岡
佐賀
長崎
熊本
大分
宮崎
鹿児島
沖縄
都道府県別人数
有症者 4257 無症者 420 症状確認中 1939
