新型コロナウイルス感染症の国内発生動向
（令和２年３月16日18時時点）
【註1】チャーター機、クルーズ船案件は除く
【註2】医療機関からの届出情報との突合前
0
10
20
30
40
50
60
70
調査中
1月17日
1月20日
1月23日
1月26日
1月29日
2月1日
2月4日
2月7日
2月10日
2月13日
2月16日
2月19日
2月22日
2月25日
2月28日
3月2日
3月5日
3月8日
3月11日
3月14日
確定日別人数
有症者 717 無症者 88 症状確認中 4
18 1 3 8 4
23
78
105
213
252
9
3
6
27
43
0
0 0 0 0
0
0
0
0
2
0
50
100
150
200
250
300
350
確定週別人数
有症者 717 無症者 88 症状確認中 4
新型コロナウイルス感染症の国内発生動向
（令和２年３月16日18時時点）
【註1】チャーター機、クルーズ船案件は除く
【註2】医療機関からの届出情報との突合前
2 2 1 4 5 1
1 2 17 13 2 3
4 1
23 33
13 1
2 4
25
26
1 2
12 8
21
44
74
143
147
80
0
50
100
150
200
250
発症週別有症者数
屋形船 15 ハワイ 38 大阪ライブハウス 75 愛知デイサービス 31 その他 558
令和２年３月16日18時時点
新型コロナウイルス感染症の国内発生動向
7 15 5 1
1 1 2 10 13
16 5
15 8
60
81
110
153
135
96
57
6
7
0
20
40
60
80
100
120
140
160
180
年齢階級別陽性者数
死亡 28 重症 48 その他 728
