新型コロナウイルス感染症の国内発生動向
（令和２年４月17日18時時点）
【註1】チャーター機、クルーズ船案件は除く
【註2】医療機関からの届出情報との突合前
0
100
200
300
400
500
600
700
確定日別人数
有症者 6011 無症者 564 症状確認中 3079
280
1 3 8 4 24 78104
209
268
251
507
1127
2033
1114
31
9 4 7
29 44 25
79
123
148
65
2161
2
197
127
378
214
0
500
1000
1500
2000
2500
3000
確定週別人数
有症者 6011 無症者 564 症状確認中 3079
令和２年４月17日18時時点
新型コロナウイルス感染症の国内発生動向
全体
10歳
未満
10代 20代 30代 40代 50代 60代 70代
80代
以上
1.6 0.0 0.0 0.0 0.1 0.1 0.4 1.6 5.5 12.1
死亡率（％）
151
223
1577
1473
16031656
1103
843
655
38
316
16
0
200
400
600
800
1000
1200
1400
1600
1800
年齢階級別陽性者数
0 0 0 2 2 6
18
46
79
0 0 1
1 1 2 4
21
40
63
60
19
0 0 0
1 1 2 6
23
46
81
106
98
0 0 1
0
20
40
60
80
100
120
140
年齢階級別死亡数・重症者数
死亡 重症
令和２年４月17日18時時点
新型コロナウイルス感染症の国内発生動向
350
18 71115046
108
4252
537
407
239
665
3756
140
974136
100
41
348
2761
199
997
364
4830 1 8 146518 2 193258
373
1615324216 4 78
7
4 3 5 6 6
20
1 3
19
62
13
25
1010
20 7 4
7 32
9
26
5 7
19
62
42
8 9 5 4 6 9 1 2
9
4
54
2 2 12 1 2
13
5 2
3
1
59
19
140
2555
20
6 3 1 4
4
1
17
17
74
2
53
3 3 1
49
1
23
0
500
1000
1500
2000
2500
3000
北海道
青森
岩手
宮城
秋田
山形
福島
茨城
栃木
群馬
埼玉
千葉
東京
神奈川
新潟
富山
石川
福井
山梨
長野
岐阜
静岡
愛知
三重
滋賀
京都
大阪
兵庫
奈良
和歌山
鳥取
島根
岡山
広島
山口
徳島
香川
愛媛
高知
福岡
佐賀
長崎
熊本
大分
宮崎
鹿児島
沖縄
都道府県別人数
有症者 6011 無症者 564 症状確認中 3079
