帰国者・接触者相談
センター
相談件数
帰国者・接触者外来
受診患者数
帰国者・接触者外来
ＰＣＲ検査実施件数
北海道 15,898 339 287
青森 983 62 55
岩手 1,308 36 19
宮城 2,292 90 89
秋田 1,101 28 25
山形 1,491 142 125
福島 1,161 80 56
茨城 192 203 192
栃木 4,809 171 148
群馬 4,699 268 165
埼玉 18,796 174 112
千葉 11,517 685 474
東京 29,170 944 464
神奈川 21,310 950 926
新潟 2,420 122 103
富山 230 62 32
石川 832 135 94
福井 2,214 102 81
山梨 2,313 215 166
長野 4,788 205 138
岐阜 256 211 115
静岡 8,893 259 254
愛知 2,502 264 243
三重 1,123 198 158
滋賀 3,950 147 88
京都 3,904 148 122
大阪 17,622 785 624
兵庫 5,619 186 105
奈良 1,633 223 137
和歌山 508 348 179
鳥取 1,248 48 48
島根 938 92 77
岡山 1,087 78 57
広島 12,129 337 337
山口 5,893 103 103
徳島 826 75 73
香川 921 94 88
愛媛 759 104 92
高知 1,680 128 120
福岡 13,080 696 274
佐賀 1,298 52 37
長崎 908 181 120
熊本 8,675 313 263
大分 1,637 58 35
宮崎 3,018 29 25
鹿児島 2,370 98 71
沖縄 1,800 115 63
合計 231,801 10,383 7,659
帰国者・接触者相談センターの相談件数等（都道府県別）
期間：2月1日～3月19日
（注）暫定値（3月20日までに都道府県から報告された数の合計であり、順次アップ
デートされるため、数値が変動する）
