新型コロナウイルス感染症の国内発生動向
（令和２年４月18日18時時点）
【註1】チャーター機、クルーズ船案件は除く
【註2】医療機関からの届出情報との突合前
0
100
200
300
400
500
600
700
確定日別人数
有症者 6308 無症者 588 症状確認中 3323
301
1 3 8 4 24 78 104
209 268 251
507
1128
2038
1384
31
9
4 6
29
44 25
79
123
148
90
2351
2
197
127
375
271
0
500
1000
1500
2000
2500
3000
確定週別人数
有症者 6308 無症者 588 症状確認中 3323
令和２年４月18日18時時点
新型コロナウイルス感染症の国内発生動向
全体
10歳
未満
10代 20代 30代 40代 50代 60代 70代
80代
以上
1.6 0.0 0.0 0.0 0.1 0.1 0.4 1.7 5.2 11.1
死亡率（％）
154
235
1654
1556
1687
1766
1173
907
732
38
299
18
0
200
400
600
800
1000
1200
1400
1600
1800
2000
年齢階級別陽性者数
0 0 0 2 2 7
20
47
81
0 0 2
1 1 2 5
23
42
63
60
20
0 0 0
1 1 2
7
25
49
83
107
101
0 0 2
0
20
40
60
80
100
120
140
年齢階級別死亡数・重症者数
死亡 重症
令和２年４月18日18時時点
新型コロナウイルス感染症の国内発生動向
377
18 80 11 51 50 112 43 52
572
424
239
712
40 66
151 99 43 36 101 41
363
29 63
205
1042
378
51 31 1 8 14 70 21 2 20 34 59
395
16 15 32 42 16 5 78
16
4
3
5
7 10
20
1 3
19
63
13
25
10 10
20
7
5
7 32
9
28
6 7
19
64
42
9 9 5 4
6
9 1 2
10
4
55
2 2 12 1 2
14
2
3 65
19 156
2736
17
6 3
2
4
4
18
58
82
2 2
53
2 1
50
1
23
0
500
1000
1500
2000
2500
3000
3500
北海道
青森
岩手
宮城
秋田
山形
福島
茨城
栃木
群馬
埼玉
千葉
東京
神奈川
新潟
富山
石川
福井
山梨
長野
岐阜
静岡
愛知
三重
滋賀
京都
大阪
兵庫
奈良
和歌山
鳥取
島根
岡山
広島
山口
徳島
香川
愛媛
高知
福岡
佐賀
長崎
熊本
大分
宮崎
鹿児島
沖縄
都道府県別人数
有症者 6308 無症者 588 症状確認中 3323
