国内における新型コロナウイルスに係るPCR検査の実施状況（結果判明日ベース） （4月3日時点）
2/18(火) 2/19(水) 2/20(木) 2/21(金) 2/22(土) 2/23(日) 2/24(月) 2/25(火) 2/26(水) 2/27(木) 2/28(金) 2/29(土) 3/1(日) 3/2(月) 3/3(火) 3/4(水) 3/５(木)
１．国立感染症研究所 472 15 20 261 341 53 22 195 267 237 53 10 0 125 20 71 83
２．検疫所 75 68 15 188 127 72 103 38 19 61 79 86 22 24 27 12 11
３．地方衛生研究所・保健所 377 616 640 922 680 534 371 699 940 994 1,258 815 497 1,068 1,667 1,413 1,463
４．民間検査会社 0 0 0 132 2 0 17 0 149 0 102 0 116 15 11 7 5
５．大学 79 0 0 108 19 0 0 0 0 0 0 0 0 0 0 0 0
６．医療機関
計 1,003 699 675 1,611 1,169 659 513 932 1,375 1,292 1,492 911 635 1,232 1,725 1,503 1,562
→保険適用開始
１．国立感染症研究所 107 18 0 0 8 69 86 4 153 12 25 35 16 22 0 0 4
２．検疫所 35 13 10 27 57 45 128 187 238 59 65 14 59 31 51 40 83
３．地方衛生研究所・保健所 1,534 1,413 519 1,011 1,668 1,463 1,369 1,106 1,058 425 815 1,501 1,406 1,413 1,175 604 629
5 11 2 4 97 81 28 37 53 0 35 63 97 86 28 121 0
0 1 0 4 18 70 26 30 45 0 35 50 93 80 24 120 0
53 16 7 85 59 63 52 62 14 3 66 56 80 78 93 28 42
21 6 4 37 25 40 22 24 10 0 40 32 47 44 3 20 22
67 44 7 43 60 69 60 91 51 104 43 44 34 55 17 12 18
7 4 4 17 20 21 25 13 5 5 17 20 19 18 15 6 13
1,801 1,515 545 1,170 1,949 1,790 1,723 1,487 1,567 603 1,049 1,713 1,692 1,685 1,364 805 776
28 11 8 58 63 131 73 67 60 5 92 102 159 142 42 146 35
(単位：件)
3/6以降の計
１．国立感染症研究所 0 2 0 0 30 0 326 456 0 0 0 186 3,804 1,559
２．検疫所 20 47 29 17 12 16 62 97 207 46 131 ※ 2,853 1,826
３．地方衛生研究所・保健所 935 1,704 1,373 1,616 1,038 1,984 1,273 1,543 2,826 2,579 2,857 2,041 55,832 40,878
37 84 142 142 192 273 272 465 388 475 707 ※ 4,481 3,925
35 65 139 132 181 262 3 177 349 441 642 3,022 3,022
101 93 96 141 150 148 94 213 233 271 ※ ※ 2,603 2,397
54 39 47 44 56 22 9 110 80 80 938 938
30 50 52 61 60 41 24 91 134 279 ※ ※ 1,641 1,641
18 34 30 39 42 20 18 66 73 58 627 627
1,123 1,980 1,692 1,977 1,482 2,462 2,051 2,865 3,788 3,650 3,695 2,227 71,214 52,226
107 138 216 215 279 304 30 353 502 579 642 ※ 4,587 4,587
斜体 はうち保険適用分＊ ＊一部調査中
＊ 4．民間検査会社分の斜体は、医療機関からの受託分のため全て保険適用分としている。 ※調査中
暫定値（4月4日までに自治体等から回答があった数の合計であり、順次アップデートされるため、数値が変動する：4月4日集計）
3/28(土) 4/1(水) 4/2(木) 4/3(金)
3/27(金)
3/26(木)
５．大学
６．医療機関
計
3/23(月)
４．民間検査会社
3/24(火) 3/25(水) 3/29(日) 3/30(月) 3/31(火)
3/9(月) 3/10(火) 3/11(水) 3/12(木)
3/６(金) 3/7(土) 3/8(日)
６．医療機関
４．民間検査会社
計
５．大学
計
3/22(日)
3/13(金) 3/14(土) 3/18(水)
3/15(日) 3/16(月) 3/17(火) 3/20(金) 3/21(土)
3/19(木)
＊
