新型コロナウイルス感染症の国内発生動向
（令和２年４月３日18時時点）
【註1】チャーター機、クルーズ船案件は除く
【註2】医療機関からの届出情報との突合前
1 111 3131 31 1 58464888
12
25
11
12
15
12
26
19
6
15
9
24
29
31
54
36
28
19
51
47
52
37
47
16
20
47
33
46
34
35
33
38
66
78
74
73
114
51
74
145
92
84
114
63 1
1
1
2
1
3
5
44
6
5
4
9
7
7
2
9
82
2
5
2
6361
4
8
55
32
22
13
5
18
4
15
00000000000000000000000000000
0000
0
000
0
0
00
0
0
0
0
0
00
0
00
0
0
0
0
0
00
0
0
01
1
0
0
0001
3
0
19
42
60
76
13
85
3
1
6
0
50
100
150
200
250
確定日別人数
有症者 2017 無症者 265 症状確認中 573
65
1 3 8 4 24
76 105
211
269248
494509
19
9
3
6
28
42
26
77 55
262
2
201
108
0
100
200
300
400
500
600
700
800
900
確定週別人数
有症者 2017 無症者 265 症状確認中 573
令和２年４月3日18時時点
新型コロナウイルス感染症の国内発生動向
21 24
314
244
338369
297
223
116
25 3 35 8
6
18
33
27
39
24
21
19
20
6
1
48 3
6 12
87
128
109 70
55
64
25
6
3
8
0
100
200
300
400
500
600
10歳未満
10代
20代
30代
40代
50代
60代
70代
80代
90代
不明
調査中
非公表
年齢階級別陽性者数
有症者 2017 無症者 265
症状確認中 573
4 4 26 27 7 1
1 3 4 13 20
18 10
32 54
434
396
482446
349
262
124
30
7
91 10
0
100
200
300
400
500
600
10歳未満
10代
20代
30代
40代
50代
60代
70代
80代
90代
不明
調査中
非公表
年齢階級別陽性者数
死亡 69 重症 69 その他 2717
令和２年４月３日18時時点
新型コロナウイルス感染症の国内発生動向
189
9 12 7 1 8
39 14 24
123
136
232
168
26 6 19 38 9 9 32 7
184
9 13
67
303
139
17 19 6 7 5 2 1 9 19 47
5 6 13 23 4 2 9
1
2 1 2 1
11
8
48
13
12
6
2 3
1 1 7
1
14
3 1
16
43
31
4 2 3 1 2 1 1
2
2
7
1 2 8
1
4
8
534
1
2
1
8
1
2
12
0
100
200
300
400
500
600
700
800
900
北海道
青森
岩手
宮城
秋田
山形
福島
茨城
栃木
群馬
埼玉
千葉
東京
神奈川
新潟
富山
石川
福井
山梨
長野
岐阜
静岡
愛知
三重
滋賀
京都
大阪
兵庫
奈良
和歌山
鳥取
島根
岡山
広島
山口
徳島
香川
愛媛
高知
福岡
佐賀
長崎
熊本
大分
宮崎
鹿児島
沖縄
都道府県別人数
有症者 2017 無症者 265 症状確認中 573
