PCM-DPC dati forniti dal Ministero della Salute
Ricoverati
con sintomi
Terapia
intensiva
Isolamento
domiciliare
Totale
attualmente
positivi
Lombardia 7.525 680 27.236 35.441 24.589 13.449 73.479 + 590 342.850 211.523
Piemonte 2.830 214 12.464 15.508 6.712 2.878 25.098 + 278 139.348 99.144
Emilia Romagna 2.640 247 9.338 12.225 9.006 3.431 24.662 + 212 164.979 111.041
Veneto 1.099 123 7.638 8.860 7.375 1.344 17.579 + 108 320.027 192.751
Toscana 671 154 5.158 5.983 2.401 795 9.179 + 32 129.048 100.869
Liguria 754 83 2.743 3.580 2.934 1.128 7.642 + 154 44.039 28.739
Lazio 1.464 143 2.955 4.562 1.433 397 6.392 + 83 124.769 95.719
Marche 667 58 2.585 3.310 1.933 884 6.127 + 16 52.765 35.617
Campania 541 37 2.299 2.877 1.120 352 4.349 + 18 68.727 42.463
Trento 201 23 1.483 1.707 1.881 407 3.995 + 101 33.152 20.199
Puglia 449 51 2412 2.912 641 405 3.958 + 10 56.976 55.897
Sicilia 440 35 1.648 2.123 731 231 3.085 + 30 70.650 66.749
Friuli V.G. 130 13 1.115 1.258 1.448 271 2.977 + 60 60.940 39.330
Abruzzo 328 23 1.679 2.030 545 299 2.874 + 15 34.176 26.443
Bolzano 150 16 774 940 1.286 270 2.496 + 15 38.640 18.423
Umbria 90 16 181 287 1.018 65 1.370 + 2 32.823 22.492
Sardegna 97 19 660 776 398 109 1.283 + 3 21.395 19.424
Valle d'Aosta 86 7 142 235 743 133 1.111 + 5 6.551 4.873
Calabria 114 6 662 782 231 83 1.096 + 7 31.787 29.834
Basilicata 57 7 153 217 124 25 366 0 10.364 10.364
Molise 20 1 179 200 75 21 296 0 5.656 5.423
TOTALE 20.353 1.956 83.504 105.813 66.624 26.977 199.414 + 1.739 1.789.662 1.237.317
105.813
66.624
26.977
199.414
TOTALE GUARITI
TOTALE DECEDUTI
CASI TOTALI
INCREMENTO
CASI TOTALI
(rispetto al giorno
precedente)
TAMPONI CASI TESTATI
ATTUALMENTE POSITIVI
Regione
AGGIORNAMENTO 27/04/2020 ORE 17.00
POSITIVI AL nCoV
DIMESSI/
GUARITI
DECEDUTI CASI TOTALI
