帰国者・接触者相談
センター
相談件数
帰国者・接触者外来
受診患者数
帰国者・接触者外来
ＰＣＲ検査実施件数
北海道 18,944 421 357
青森 1,452 113 105
岩手 1,883 79 53
宮城 2,658 128 126
秋田 1,465 113 107
山形 2,277 248 229
福島 1,678 143 102
茨城 379 407 387
栃木 6,500 302 276
群馬 7,110 407 264
埼玉 31,111 591 425
千葉 13,950 1,017 708
東京 41,105 1,727 964
神奈川 21,310 950 926
新潟 3,764 172 148
富山 324 120 66
石川 1,156 198 135
福井 3,437 171 137
山梨 3,097 299 226
長野 6,177 360 258
岐阜 360 335 166
静岡 11,892 510 500
愛知 3,454 500 447
三重 1,421 254 200
滋賀 5,143 204 132
京都 5,931 241 197
大阪 29,098 1,482 1,169
兵庫 10,959 618 416
奈良 1,863 324 220
和歌山 634 437 228
鳥取 1,969 83 83
島根 1,255 133 113
岡山 1,557 167 133
広島 16,657 601 594
山口 6,905 166 166
徳島 1,159 132 130
香川 1,407 148 138
愛媛 1,184 152 136
高知 2,055 143 135
福岡 14,318 838 341
佐賀 1,767 89 71
長崎 977 224 151
熊本 10,506 501 441
大分 2,209 92 52
宮崎 3,884 29 25
鹿児島 3,334 168 128
沖縄 1,800 193 84
合計 313,475 16,730 12,595
帰国者・接触者相談センターの相談件数等（都道府県別）
期間：2月1日～3月31日
（注）暫定値（4月1日までに都道府県から報告された数の合計であり、順次アップ
デートされるため、数値が変動する）
