国内における新型コロナウイルスに係るPCR検査の実施状況（2月18日以降、結果判明日ベース） （4月17日時点）
2/18(火) 2/19(水) 2/20(木) 2/21(金) 2/22(土) 2/23(日) 2/24(月) 2/25(火) 2/26(水) 2/27(木) 2/28(金) 2/29(土) 3/1(日) 3/2(月)
１．国立感染症研究所 472 15 20 261 341 53 22 195 267 237 53 10 0 125
２．検疫所※１※2
75 68 15 188 127 72 103 38 19 61 79 86 22 24
３．地方衛生研究所・保健所
※1
396 679 709 914 658 530 363 659 934 1,075 1,255 920 491 979
４．民間検査会社※3
0 0 0 132 2 0 17 0 149 0 102 0 116 15
５．大学等
※4※5
79 0 0 108 19 0 0 0 0 0 0 0 0 0
６．医療機関※5
計 1,022 762 744 1,603 1,147 655 505 892 1,369 1,373 1,489 1,016 629 1,143
→保険適用開始
１．国立感染症研究所 20 71 83 107 18 0 0 8 69 86 4 153 12 25
２．検疫所※１※2
27 12 11 35 13 10 27 57 45 128 187 238 59 65
３．地方衛生研究所・保健所※1
1,529 1,321 1,452 1,687 1,397 539 1,070 1,740 1,531 1,378 1,163 1,068 462 817
5 11 2 4 97 81 28 37 53 0 35
0 1 0 4 18 70 26 30 45 0 35
57 22 7 93 62 69 55 71 14 3 80
21 8 4 37 28 41 24 25 10 0 46
69 44 9 47 62 83 66 98 51 106 54
9 4 4 21 21 27 28 20 5 7 23
1,587 1,411 1,551 1,960 1,505 567 1,241 2,026 1,878 1,741 1,560 1,577 642 1,076
30 13 8 62 67 138 78 75 60 7 104
１．国立感染症研究所 35 16 22 0 0 4 0 2 0 0 30 0 326 456
２．検疫所※１※2
14 59 31 51 40 83 20 47 29 17 12 16 62 97
３．地方衛生研究所・保健所※1
1,598 1,450 1,516 1,270 686 689 1,139 1,940 1,562 1,721 1,786 2,070 1,356 1,673
63 97 86 28 121 0 37 84 142 152 192 273 272 540
50 93 80 24 120 0 35 65 139 142 181 262 3 177
61 87 86 93 28 42 118 117 100 162 165 157 94 255
35 50 44 3 20 22 62 43 49 54 67 29 9 101
55 73 66 24 16 26 83 101 76 103 87 47 34 178
29 32 28 20 8 13 36 55 45 69 59 23 27 93
1,826 1,782 1,807 1,466 891 844 1,397 2,291 1,909 2,155 2,272 2,563 2,144 3,199
114 175 152 47 148 35 133 163 233 265 307 314 39 371
計
４．民間検査会社
※3
５．大学等※4※5
６．医療機関※5
3/17(火) 3/18(水) 3/19(木) 3/20(金) 3/21(土) 3/22(日) 3/23(月) 3/24(火) 3/25(水)
3/3(火) 3/4(水) 3/５(木) 3/６(金)
６．医療機関※5
４．民間検査会社※3
計
５．大学等※4※5
3/26(木) 3/27(金) 3/28(土) 3/29(日) 3/30(月)
11 7 5
0 0 0
3/16(月)
3/8(日) 3/9(月) 3/10(火) 3/11(水) 3/15(日)
3/12(木) 3/13(金) 3/14(土)
3/7(土)
１．国立感染症研究所 0 0 0 186 517 288 338 357 414 287 344 351 326 103
２．検疫所※１※2
207 46 131 496 590 702 627 685 805 940 650 683 833 819
３．地方衛生研究所・保健所※1
3,058 2,927 3,592 3,616 3,221 1,991 2,658 4,109 4,085 4,422 4,477 4,130 3,222 3,061
388 475 707 779 1,181 496 759 1,316 1,824 1,620 1,512 1,421 287 1,687
349 441 642 671 647 5 484 704 1094 1,093 1,059 984 12 1,031
251 352 396 516 381 146 620 601 579 520 645 347 43 682
82 82 126 131 65 33 223 156 161 201 195 87 12 290
193 357 271 179 67 44 252 201 283 330 342 89 81 396
88 113 156 104 45 31 184 125 148 229 258 61 76 279
4,097 4,157 5,097 5,772 5,957 3,667 5,254 7,269 7,990 8,119 7,970 7,021 4,792 6,748
519 636 924 906 757 69 891 985 1,403 1,523 1,512 1,132 100 1,600
(単位：件)
3/6以降の計
１．国立感染症研究所 205 83 0 135 7,552 5,307
２．検疫所※１※2
939 694 703 845 13,864 12,837
３．地方衛生研究所・保健所※1
4,809 5,149 5,101 3,625 115,425 100,561
1,449 1,932 1,680 ※ 22,509 21,953
1,269 1,579 1,474 15,138 15,138
655 478 ※ ※ 9,516 9,310
221 174 3,071 3,071
367 401 ※ ※ 5,511 5,511
265 273 3,141 3,141
8,424 8,737 7,484 4,605 174,377 155,479
1,755 2,026 1,474 0 21,350 21,350
※調査中
＊速報値(航空機及び船舶の到着日ベース)
斜体 はうち保険適用分＊＊
＊＊ 4．民間検査会社分の斜体は、医療機関からの受託分のため全て保険適用分としている。
上記の数値は暫定値であり、変更される可能性がある。
６．医療機関※5
4/9(木)
計
3/31(火) 4/1(水)
４．民間検査会社※3
4/3(金)
4/2(木)
５．大学等※4※5
4/5(日)
4/4(土) 4/7(火)
4/6(月) 4/10(金)
4/8(水) 4/11(土) 4/12(日) 4/13(月)
4/14(火) 4/15(水) 4/16(木) 4/17(金)
６．医療機関※5
計
４．民間検査会社※3
５．大学等※4※5
計
＊ ＊ ＊ ＊ ＊
＊ ＊ ＊
＊
＊ ＊ ＊
＊ ＊ ＊
