国内における新型コロナウイルスに係るPCR検査の実施状況（結果判明日ベース） （4月30日時点）
2/18(火) 2/19(水) 2/20(木) 2/21(金) 2/22(土) 2/23(日) 2/24(月) 2/25(火) 2/26(水) 2/27(木) 2/28(金) 2/29(土) 3/1(日) 3/2(月)
１．国立感染症研究所 472 15 20 261 341 53 22 195 267 237 53 10 0 125
２．検疫所 75 68 15 188 127 72 103 38 19 61 79 86 22 24
３．地方衛生研究所・保健所 396 679 709 914 658 530 363 659 934 1,075 1,255 920 491 979
４．民間検査会社 0 0 0 132 2 0 17 0 149 0 102 0 116 15
５．大学等 79 0 0 108 19 0 0 0 0 0 0 0 0 0
６．医療機関
計 1,022 762 744 1,603 1,147 655 505 892 1,369 1,373 1,489 1,016 629 1,143
→保険適用開始
１．国立感染症研究所 20 71 83 107 18 0 0 8 69 86 4 153 12 25
２．検疫所 27 12 11 35 13 10 27 57 45 128 187 238 59 65
３．地方衛生研究所・保健所 1,529 1,321 1,452 1,687 1,397 539 1,070 1,740 1,531 1,378 1,163 1,068 462 817
5 11 2 4 97 81 28 37 53 0 35
0 1 0 4 18 70 26 30 45 0 35
57 22 8 97 62 70 58 72 15 4 81
21 8 4 37 28 41 24 25 10 0 47
69 44 9 47 62 83 66 98 51 106 54
9 4 4 21 21 27 28 20 5 7 23
1,587 1,411 1,551 1,960 1,505 568 1,245 2,026 1,879 1,744 1,561 1,578 643 1,077
30 13 8 62 67 138 78 75 60 7 105
１．国立感染症研究所 35 16 22 0 0 4 0 2 0 0 30 0 326 456
２．検疫所 14 59 31 51 40 83 20 47 29 17 12 16 62 97
３．地方衛生研究所・保健所 1,598 1,450 1,516 1,270 686 689 1,139 1,940 1,562 1,721 1,786 2,070 1,356 1,673
63 97 86 28 121 0 37 84 142 152 192 273 272 540
50 93 80 24 120 0 35 65 139 142 181 262 3 177
61 88 87 93 28 42 119 117 100 164 165 157 94 255
35 50 44 3 20 22 62 43 49 54 67 29 9 101
55 73 66 24 16 26 83 101 76 103 87 47 34 179
29 32 28 20 8 13 36 55 45 69 59 23 27 94
1,826 1,783 1,808 1,466 891 844 1,398 2,291 1,909 2,157 2,272 2,563 2,144 3,200
114 175 152 47 148 35 133 163 233 265 307 314 39 372
3/27(金) 3/28(土) 3/29(日)
3/7(土)
3/30(月)
3/16(月)
3/8(日) 3/9(月) 3/10(火) 3/11(水) 3/15(日)
3/12(木) 3/13(金) 3/14(土)
3/3(火) 3/4(水) 3/５(木) 3/６(金)
5
0 0 0
４．民間検査会社
５．大学等
６．医療機関
3/17(火) 3/18(水) 3/19(木) 3/20(金) 3/21(土) 3/22(日) 3/23(月) 3/24(火) 3/25(水) 3/26(木)
11 7
計
６．医療機関
４．民間検査会社
計
５．大学等
１．国立感染症研究所 0 0 0 186 517 288 338 357 414 287 344 351 326 103
２．検疫所 207 46 131 496 590 702 627 685 805 940 650 683 833 819
３．地方衛生研究所・保健所 3,058 2,927 3,592 3,616 3,221 1,991 2,658 4,109 4,085 4,422 4,477 4,130 3,222 3,061
388 475 707 779 1,181 496 759 1,316 1,824 1,620 1,512 1,421 287 1,687
349 441 642 671 647 5 484 704 1094 1,093 1,059 984 12 1,031
252 355 405 527 381 146 636 614 580 529 656 350 44 721
82 82 126 133 65 33 228 156 161 201 197 87 12 313
195 359 278 186 67 45 266 203 292 339 347 91 82 407
90 115 162 107 45 32 196 127 157 238 263 63 77 290
4,100 4,162 5,113 5,790 5,957 3,668 5,284 7,284 8,000 8,137 7,986 7,026 4,794 6,798
521 638 930 911 757 70 908 987 1,412 1,532 1,519 1,134 101 1,634
１．国立感染症研究所 205 83 0 135 8 125 0 0 65 144 73 148 0 0
２．検疫所 939 694 703 846 778 834 425 668 358 521 687 795 732 592
３．地方衛生研究所・保健所 4,809 5,149 5,101 5,308 4,823 3,478 3,227 4,397 4,849 5,154 3,326 2,636 2,668 2,797
1,449 1,932 1,680 2,057 2,717 29 2,138 2,006 2,433 2,332 2,591 2,669 416 2,187
1,269 1,579 1,474 1,820 2,499 12 1,784 1,882 2,204 2,102 2,262 2,257 250 1,847
683 549 535 626 191 42 663 863 713 721 852 293 64 805
244 209 246 213 89 24 297 336 268 214 297 113 17 334
365 407 287 399 108 90 449 325 319 298 381 131 89 440
263 275 217 272 80 57 335 245 256 227 270 96 67 334
8,450 8,814 8,306 9,371 8,625 4,598 6,902 8,259 8,737 9,170 7,910 6,672 3,969 6,821
1,776 2,063 1,937 2,305 2,668 93 2,416 2,463 2,728 2,543 2,829 2,466 334 2,515
(単位：件)
計
3/6以降の計
１．国立感染症研究所 57 0 52 8,224 5,927
２．検疫所 711 636 591 22,193 19,983
３．地方衛生研究所・保健所 3,381 3,903 3,151 164,898 146,883
2,859 2,212 2,842 51,997 48,599
2,453 1,788 2,347 40,645 38,298
865 162 ※ 17,145 16,939 ※調査中
317 49 ※ 5,976 5,976 ＊速報値(航空機及び船舶の到着日ベース)
378 115 ※ 9,397 9,397 斜体 はうち保険適用分＊＊
297 85 ※ 6,045 6,045 ＊＊ 4．民間検査会社分の斜体は、医療機関からの受託分のため全て保険適用分としている。
8,251 7,028 6,636 273,854 247,728
3,067 1,922 2,347 52,666 50,319
上記の数値は暫定値であり、変更される可能性がある。
4/10(金)
4/8(水) 4/11(土) 4/12(日) 4/13(月)
4/27(月)
4/14(火) 4/15(水) 4/16(木) 4/17(金) 4/19(日)
4/18(土) 4/22(水)
4/20(月) 4/21(火) 4/23(木)
６．医療機関
4/9(木)
4/7(火)
4/6(月)
3/31(火) 4/1(水)
４．民間検査会社
計
4/3(金)
4/2(木)
５．大学等
4/5(日)
4/4(土)
4/28(火)
計
4/26(日)
４．民間検査会社
５．大学等
６．医療機関
６．医療機関
計
４．民間検査会社
５．大学等
4/24(金) 4/25(土)
4/29(水) 4/30(木)
＊ ＊ ＊ ＊ ＊
＊ ＊ ＊
＊
＊ ＊ ＊
＊ ＊ ＊
＊ ＊ ＊ ＊ ＊ ＊ ＊ ＊ ＊ ＊
＊ ＊ ＊
