帰国者・接触者相談
センター
相談件数
帰国者・接触者外来
受診患者数
帰国者・接触者外来
ＰＣＲ検査実施件数
北海道 18,544 411 349
青森 1,452 113 105
岩手 1,589 58 37
宮城 2,529 121 119
秋田 1,465 113 107
山形 1,922 184 166
福島 1,597 130 94
茨城 312 326 308
栃木 5,916 269 243
群馬 6,207 346 233
埼玉 29,224 488 346
千葉 13,510 917 627
東京 36,479 1,443 758
神奈川 21,310 950 926
新潟 3,057 156 133
富山 296 93 47
石川 1,002 169 114
福井 2,909 154 121
山梨 3,097 299 226
長野 5,582 314 217
岐阜 337 301 151
静岡 11,065 422 414
愛知 3,454 500 447
三重 1,421 254 200
滋賀 4,792 187 120
京都 5,931 241 197
大阪 24,122 1,311 1,026
兵庫 10,959 618 416
奈良 1,823 302 202
和歌山 634 437 228
鳥取 1,741 69 69
島根 1,200 126 107
岡山 1,493 145 113
広島 14,814 485 478
山口 6,592 154 154
徳島 1,058 111 109
香川 1,267 131 124
愛媛 1,050 139 124
高知 2,055 143 135
福岡 14,318 838 341
佐賀 1,679 81 63
長崎 977 224 151
熊本 9,846 421 364
大分 2,209 66 38
宮崎 3,719 29 25
鹿児島 3,028 142 108
沖縄 1,800 193 84
合計 291,383 15,124 11,264
帰国者・接触者相談センターの相談件数等（都道府県別）
期間：2月1日～3月29日
（注）暫定値（3月30日までに都道府県から報告された数の合計であり、順次アップ
デートされるため、数値が変動する）
