帰国者・接触者相談
センター
相談件数
帰国者・接触者外来
受診患者数
帰国者・接触者外来
ＰＣＲ検査実施件数
北海道 10,819 207 172
青森 559 34 35
岩手 869 23 20
宮城 44 43 43
秋田 109 19 16
山形 957 86 74
福島 637 32 19
茨城 90 73 65
栃木 2,939 82 71
群馬 2,182 107 61
埼玉 13,031 － －
千葉 6,140 329 221
東京 15,484 351 154
神奈川 12,570 371 357
新潟 1,555 84 66
富山 154 28 14
石川 543 51 44
福井 1,549 62 49
山梨 1,100 91 63
長野 2,776 96 59
岐阜 178 129 75
静岡 5,765 157 155
愛知 1,079 197 168
三重 729 70 57
滋賀 2,096 72 39
京都 2,102 47 45
大阪 8,080 201 158
兵庫 2,899 166 90
奈良 775 95 56
和歌山 343 231 118
鳥取 759 30 30
島根 381 43 35
岡山 435 27 91
広島 7,163 124 124
山口 3,743 44 44
徳島 585 44 42
香川 547 46 43
愛媛 326 54 47
高知 404 44 49
福岡 8,034 401 144
佐賀 741 25 19
長崎 493 52 29
熊本 6,441 163 135
大分 894 30 18
宮崎 1,523 16 14
鹿児島 1,482 40 27
沖縄 1,218 56 48
合計 133,322 4,773 3,503
（注）「－」は報告がないこと等を示す。
帰国者・接触者相談センターの相談件数等（都道府県別）
期間：2月1日～3月8日
（注）暫定値（3月9日までに都道府県から報告された数の合計であり、順次アップ
デートされるため、数値が変動する）
