国内における新型コロナウイルスに係るPCR検査の実施状況（結果判明日ベース） （4月15日時点）
2/18(火) 2/19(水) 2/20(木) 2/21(金) 2/22(土) 2/23(日) 2/24(月) 2/25(火) 2/26(水) 2/27(木) 2/28(金) 2/29(土) 3/1(日) 3/2(月) 3/3(火) 3/4(水) 3/５(木)
１．国立感染症研究所 472 15 20 261 341 53 22 195 267 237 53 10 0 125 20 71 83
２．検疫所 75 68 15 188 127 72 103 38 19 61 79 86 22 24 27 12 11
３．地方衛生研究所・保健所 396 679 709 914 658 530 363 659 934 1,075 1,255 920 491 979 1,529 1,321 1,452
４．民間検査会社 0 0 0 132 2 0 17 0 149 0 102 0 116 15 11 7 5
５．大学等 79 0 0 108 19 0 0 0 0 0 0 0 0 0 0 0 0
６．医療機関
計 1,022 762 744 1,603 1,147 655 505 892 1,369 1,373 1,489 1,016 629 1,143 1,587 1,411 1,551
→保険適用開始
１．国立感染症研究所 107 18 0 0 8 69 86 4 153 12 25 35 16 22 0 0 4
２．検疫所 35 13 10 27 57 45 128 187 238 59 65 14 59 31 51 40 83
３．地方衛生研究所・保健所 1,687 1,397 539 1,070 1,740 1,531 1,378 1,163 1,068 462 817 1,598 1,450 1,516 1,270 686 689
5 11 2 4 97 81 28 37 53 0 35 63 97 86 28 121 0
0 1 0 4 18 70 26 30 45 0 35 50 93 80 24 120 0
57 22 7 93 62 69 55 71 14 3 80 61 87 86 93 28 42
21 8 4 37 28 41 24 25 10 0 46 35 50 44 3 20 22
69 44 9 47 62 83 66 98 51 106 54 55 73 66 24 16 26
9 4 4 21 21 27 28 20 5 7 23 29 32 28 20 8 13
1,960 1,505 567 1,241 2,026 1,878 1,741 1,560 1,577 642 1,076 1,826 1,782 1,807 1,466 891 844
30 13 8 62 67 138 78 75 60 7 104 114 175 152 47 148 35
１．国立感染症研究所 0 2 0 0 30 0 326 456 0 0 0 186 517 288 338 357 414
２．検疫所 20 47 29 17 12 16 62 97 207 46 131 496 590 702 627 685 805
３．地方衛生研究所・保健所 1,139 1,940 1,562 1,721 1,786 2,070 1,356 1,673 3,058 2,927 3,592 3,616 3,221 1,991 2,658 4,109 4,085
37 84 142 152 192 273 272 540 388 475 707 779 1,181 496 759 1,316 1,824
35 65 139 142 181 262 3 177 349 441 642 671 647 5 484 704 1094
118 117 100 162 165 157 94 255 251 352 396 516 381 146 620 601 579
62 43 49 54 67 29 9 101 82 82 126 131 65 33 223 156 161
83 101 76 103 87 47 34 178 193 357 271 179 67 44 252 201 283
36 55 45 69 59 23 27 93 88 113 156 104 45 31 184 125 148
1,397 2,291 1,909 2,155 2,272 2,563 2,144 3,199 4,097 4,157 5,097 5,772 5,957 3,667 5,254 7,269 7,990
133 163 233 265 307 314 39 371 519 636 924 906 757 69 891 985 1,403
(単位：件)
3/6以降の計
１．国立感染症研究所 287 344 351 326 103 205 83 7,417 5,172
２．検疫所 940 650 683 833 819 939 694 12,316 11,289
３．地方衛生研究所・保健所 4,422 4,477 4,130 3,222 3,061 4,809 4,413 105,963 91,099
1,620 1,512 1,421 287 1,687 1,449 1,932 20,829 20,273
1,093 1,059 984 12 1,031 1,269 1,579 13,664 13,664
520 645 347 43 682 655 478 9,516 9,310
201 195 87 12 290 221 174 3,071 3,071
330 342 89 81 396 367 401 5,511 5,511
229 258 61 76 279 265 273 3,141 3,141
8,119 7,970 7,021 4,792 6,748 8,424 8,001 161,552 142,654
1,523 1,512 1,132 100 1,600 1,755 2,026 19,876 19,876
＊速報値(航空機及び船舶の到着日ベース)
斜体 はうち保険適用分＊＊
＊＊ 4．民間検査会社分の斜体は、医療機関からの受託分のため全て保険適用分としている。
上記の数値は暫定値であり、変更される可能性がある。
計
4/15(水)
3/21(土)
3/19(木)
3/11(水) 3/12(木) 3/13(金) 3/14(土) 3/18(水)
3/15(日) 3/16(月) 3/17(火) 3/20(金)
4/7(火)
６．医療機関
４．民間検査会社
計
５．大学等
4/1(水) 4/2(木) 4/3(金) 4/4(土) 4/5(日)
3/30(月) 3/31(火)
3/６(金) 3/7(土) 3/8(日) 3/9(月) 3/10(火)
4/14(火)
4/13(月)
3/22(日)
4/6(月)
４．民間検査会社
５．大学等
６．医療機関
3/23(月) 3/24(火) 3/25(水) 3/26(木) 4/8(水)
3/27(金) 3/28(土) 3/29(日)
4/10(金)
４．民間検査会社
4/12(日)
4/11(土)
５．大学等
６．医療機関
計
計
4/9(木)
＊ ＊ ＊
＊
＊ ＊
＊
＊ ＊ ＊ ＊ ＊ ＊ ＊
