新型コロナウイルス感染症の国内発生動向
（令和２年４月１日18時時点）
【註1】チャーター機、クルーズ船案件は除く
【註2】医療機関からの届出情報との突合前
1 111 3131 31 1 58464888
12
25
11
12
15
12
26
19
6
15
9
24
29
31
54
36
28
19
51
47
52
37
47
16
20
47
33
46
34
35
33
38
66
76
70
72
106
51
74
137
27
63 1
1
1
2
1
3
5
44
6
5
4
9
7
7
2
9
82
2
5
2
6361
4
8
54
32
22
10
5
5
00000000000000000000000000000
0000
0
000
0
0
00
0
0
0
0
0
00
0
00
0
0
0
0
0
00
0
0
01
1
0
0
0001
3
0
20
42
65
76
16
85
6
0
50
100
150
200
250
確定日別人数
有症者 1693 無症者 227 症状確認中 386
27 1 3 8 4 24
76105
211
269
248
479
238
17 9
3
6
28
42
26
76
20
70
2
207
107
0
100
200
300
400
500
600
700
800
900
確定週別人数
有症者 1693 無症者 227 症状確認中 386
令和２年４月１日18時時点
新型コロナウイルス感染症の国内発生動向
1 2 22 27 7 1
3 3 11 20
15 10
30 42
310307
379356
304
227
105
22
4
89
9
0
50
100
150
200
250
300
350
400
450
10歳未満
10代
20代
30代
40代
50代
60代
70代
80代
90代
不明
調査中
非公表
年齢階級別陽性者数
死亡 60 重症 62 その他 2184
19 19
225
199
278
308
272
202
108
20 3 33 7
6
16
24
22
31
19
20
17
17
4 48 3
5 7
61 89
73 41
34
45
17
5
1
8
0
50
100
150
200
250
300
350
400
450
10歳未満
10代
20代
30代
40代
50代
60代
70代
80代
90代
不明
調査中
非公表
年齢階級別陽性者数
有症者 1693 無症者 227
症状確認中 386
