PCM-DPC dati forniti dal Ministero della Salute
Ricoverati
con sintomi
Terapia
intensiva
Isolamento
domiciliare
Totale
attualmente
positivi
Lombardia 8.489 724 25.260 34.473 24.227 13.269 71.969 + 713 326.940 202.827
Piemonte 2.937 238 12.327 15.502 6.157 2.767 24.426 + 604 131.107 93.325
Emilia Romagna 2.718 246 9.383 12.347 8.515 3.347 24.209 + 239 156.883 105.628
Veneto 1.105 129 8.198 9.432 6.671 1.288 17.391 + 162 306.977 186.426
Toscana 687 166 5.293 6.146 2.109 760 9.015 + 138 125.495 98.753
Liguria 759 83 2.591 3.433 2.775 1.093 7.301 + 128 41.125 26.898
Lazio 1.421 183 2.957 4.561 1.276 387 6.224 + 92 118.354 90.582
Marche 689 58 2.525 3.272 1.912 874 6.058 + 30 50.996 34.256
Campania 543 55 2.337 2.935 1.023 341 4.299 + 17 64.521 41.399
Puglia 469 48 2402 2.919 602 391 3.912 + 31 54.628 53.500
Trento 202 27 1.515 1.744 1.694 400 3.838 + 62 30.661 19.394
Sicilia 452 33 1.787 2.272 524 224 3.020 + 39 68.251 64.892
Friuli V.G. 122 15 947 1.084 1.556 263 2.903 + 21 58.375 37.211
Abruzzo 323 26 1.712 2.061 478 293 2.832 + 29 33.624 25.959
Bolzano 141 14 880 1.035 1.176 265 2.476 + 20 36.608 17.573
Umbria 95 18 184 297 1.006 63 1.366 + 3 31.939 21.842
Sardegna 96 18 680 794 374 103 1.271 + 14 20.351 18.480
Valle d'Aosta 83 6 224 313 657 130 1.100 0 5.966 4.694
Calabria 125 7 679 811 197 80 1.088 + 9 29.959 28.006
Basilicata 58 7 153 218 118 25 361 + 1 9.792 9.792
Molise 19 1 178 198 73 21 292 + 5 5.191 5.089
TOTALE 21.533 2.102 82.212 105.847 63.120 26.384 195.351 + 2.357 1.707.743 1.186.526
105.847
63.120
26.384
195.351
TOTALE GUARITI
TOTALE DECEDUTI
CASI TOTALI
INCREMENTO
CASI TOTALI
(rispetto al giorno
precedente)
TAMPONI CASI TESTATI
ATTUALMENTE POSITIVI
Regione
AGGIORNAMENTO 25/04/2020 ORE 17.00
POSITIVI AL nCoV
DIMESSI/
GUARITI
DECEDUTI CASI TOTALI
