都道府県名 総実施件数 都道府県名 総実施件数
1 北海道 5,590 25 滋賀県 1,160
2 青森県 622 26 京都府 3,553
3 岩手県 229 27 大阪府 13,366
4 宮城県 1,623 28 兵庫県 6,144
5 秋田県 609 29 奈良県 1,376
6 山形県 1,585 30 和歌山県 3,118
7 福島県 1,084 31 鳥取県 948
8 茨城県 3,667 32 島根県 869
9 栃木県 1,860 33 岡山県 1,096
10 群馬県 1,538 34 広島県 2,977
11 埼玉県 4,880 35 山口県 1,874
12 千葉県 9,587 36 徳島県 385
13 東京都 9,911 37 香川県 1,428
14 神奈川県 9,004 38 愛媛県 1,067
15 新潟県 2,566 39 高知県 1,531
16 富山県 1,281 40 福岡県 6,465
17 石川県 1,535 41 佐賀県 835
18 福井県 644 42 長崎県 1,686
19 山梨県 1,994 43 熊本県 3,935
20 長野県 1,568 44 大分県 2,968
21 岐阜県 2,798 45 宮崎県 1,062
22 静岡県 2,653 46 鹿児島県 1,025
23 愛知県 5,628 47 沖縄県 2,512
24 三重県 1,533 合計 135,369
新型コロナウイルスのＰＣＲ検査
総実施件数（都道府県別）
（期間：1月15日～4月22日）
※暫定値（4月22日までに地方衛生研究所・保健所から回答があった数の合計であり、
順次アップデートされるため、数値が変動する）
