PCM-DPC dati forniti dal Ministero della Salute
Ricoverati
con sintomi
Terapia
intensiva
Isolamento
domiciliare
Totale
attualmente
positivi
Lombardia 11.927 1.342 12.496 25.765 11.415 7.593 44.773 121.449
Emilia Romagna 3.898 359 7.232 11.489 1.566 1.732 14.787 58.457
Veneto 1.718 350 6.156 8.224 902 499 9.625 112.746
Piemonte 3.146 453 4.871 8.470 439 886 9.795 30.060
Toscana 1.120 297 3.015 4.432 182 253 4.867 36.575
Marche 984 168 2.304 3.456 29 477 3.962 12.296
Liguria 1.114 179 1.352 2.645 555 460 3.660 11.334
Lazio 1.131 177 1.450 2.758 337 169 3.264 35.810
Campania 478 129 1369 1.976 107 148 2.231 15.728
Trento 345 76 1.062 1.483 214 173 1.870 7.675
Puglia 637 107 1.012 1.756 61 129 1.946 15.209
Friuli V.G. 206 60 940 1.206 357 122 1.685 15.987
Sicilia 496 72 976 1.544 86 88 1.718 16.836
Abruzzo 342 71 798 1.211 102 123 1.436 9.610
Bolzano 269 57 786 1.112 190 116 1.418 11.951
Umbria 173 45 646 864 194 37 1.095 9.080
Sardegna 119 27 529 675 36 34 745 5.501
Calabria 144 16 450 610 21 38 669 9.983
Valle d'Aosta 85 27 428 540 32 59 631 1.717
Basilicata 39 15 171 225 3 9 237 2.262
Molise 32 8 91 131 19 10 160 1.157
TOTALE 28.403 4.035 48.134 80.572 16.847 13.155 110.574 541.423
80.572
16.847
13.155
110.574
CASI TOTALI
ATTUALMENTE POSITIVI
TOTALE GUARITI
TOTALE DECEDUTI
Regione
AGGIORNAMENTO 01/04/2020 ORE 17.00
POSITIVI AL nCoV
DIMESSI/
GUARITI
DECEDUTI CASI TOTALI TAMPONI
