240
1 3 8 4 24 78 104
209 268 251
510
1125
1979
505
27
9
5 7
29
44 25
79
119
141
28
1780
2
198
136
411
93
0
500
1000
1500
2000
2500
3000
確定週別人数
有症者 5309 無症者 513 症状確認中 2620
0
100
200
300
400
500
600
700
確定日別人数
有症者 5309 無症者 513 症状確認中 2620
新型コロナウイルス感染症の国内発生動向
（令和２年４月15日18時時点）
【註1】チャーター機、クルーズ船案件は除く
【註2】医療機関からの届出情報との突合前
131 196
1416
1326
14461478
988
767
584
38 56 16
0
200
400
600
800
1000
1200
1400
1600
年齢階級別陽性者数
令和２年４月15日18時時点
新型コロナウイルス感染症の国内発生動向
全体
10歳
未満
10代 20代 30代 40代 50代 60代 70代
80代
以上
1.6 0.0 0.0 0.0 0.2 0.1 0.3 1.4 5.3 12.0
死亡率（％）
0 0 0 3 2 5
14
41
70
0 0 1
1 1 3
5
16
40
61
47
19
0 0 0
1 1 3
8
18
45
75
88 89
0 0 1
0
10
20
30
40
50
60
70
80
90
100
年齢階級別死亡数・重症者数
死亡 重症
295
12 61 11 38 34 98 38 50
445 380
239
572
30 46
119 94 34 29 84 38
324
16 48
183
893
328
46 29 1 7 12 46 17 2 7 31 57
332
17 12 29 38 16 2 69
5
4
2
5 5 6
14
1 1
18
61
13
22
10 5
20 6
4
7 31
7
26
4 4
19
59
35
7 8 5 4 4 8 1 2
9
4
48
2 2 12 1 2
2
6
2 2
7 56
16
84
2205
20
6 3
1
1
13
2
13
17
60
1
17
3 11
1
53
1
17
0
500
1000
1500
2000
2500
3000
北海道
青森
岩手
宮城
秋田
山形
福島
茨城
栃木
群馬
埼玉
千葉
東京
神奈川
新潟
富山
石川
福井
山梨
長野
岐阜
静岡
愛知
三重
滋賀
京都
大阪
兵庫
奈良
和歌山
鳥取
島根
岡山
広島
山口
徳島
香川
愛媛
高知
福岡
佐賀
長崎
熊本
大分
宮崎
鹿児島
沖縄
都道府県別人数
有症者 5309 無症者 513 症状確認中 2620
令和２年４月15日18時時点
新型コロナウイルス感染症の国内発生動向
