国内における新型コロナウイルスに係るPCR検査の実施状況（結果判明日ベース） （4月19日時点）
2/18(火) 2/19(水) 2/20(木) 2/21(金) 2/22(土) 2/23(日) 2/24(月) 2/25(火) 2/26(水) 2/27(木) 2/28(金) 2/29(土) 3/1(日) 3/2(月)
１．国立感染症研究所 472 15 20 261 341 53 22 195 267 237 53 10 0 125
２．検疫所 75 68 15 188 127 72 103 38 19 61 79 86 22 24
３．地方衛生研究所・保健所 396 679 709 914 658 530 363 659 934 1,075 1,255 920 491 979
４．民間検査会社 0 0 0 132 2 0 17 0 149 0 102 0 116 15
５．大学等 79 0 0 108 19 0 0 0 0 0 0 0 0 0
６．医療機関
計 1,022 762 744 1,603 1,147 655 505 892 1,369 1,373 1,489 1,016 629 1,143
→保険適用開始
１．国立感染症研究所 20 71 83 107 18 0 0 8 69 86 4 153 12 25
２．検疫所 27 12 11 35 13 10 27 57 45 128 187 238 59 65
３．地方衛生研究所・保健所 1,529 1,321 1,452 1,687 1,397 539 1,070 1,740 1,531 1,378 1,163 1,068 462 817
5 11 2 4 97 81 28 37 53 0 35
0 1 0 4 18 70 26 30 45 0 35
57 22 7 93 62 69 55 71 14 3 80
21 8 4 37 28 41 24 25 10 0 46
69 44 9 47 62 83 66 98 51 106 54
9 4 4 21 21 27 28 20 5 7 23
1,587 1,411 1,551 1,960 1,505 567 1,241 2,026 1,878 1,741 1,560 1,577 642 1,076
30 13 8 62 67 138 78 75 60 7 104
１．国立感染症研究所 35 16 22 0 0 4 0 2 0 0 30 0 326 456
２．検疫所 14 59 31 51 40 83 20 47 29 17 12 16 62 97
３．地方衛生研究所・保健所 1,598 1,450 1,516 1,270 686 689 1,139 1,940 1,562 1,721 1,786 2,070 1,356 1,673
63 97 86 28 121 0 37 84 142 152 192 273 272 540
50 93 80 24 120 0 35 65 139 142 181 262 3 177
61 87 86 93 28 42 118 117 100 162 165 157 94 255
35 50 44 3 20 22 62 43 49 54 67 29 9 101
55 73 66 24 16 26 83 101 76 103 87 47 34 178
29 32 28 20 8 13 36 55 45 69 59 23 27 93
1,826 1,782 1,807 1,466 891 844 1,397 2,291 1,909 2,155 2,272 2,563 2,144 3,199
114 175 152 47 148 35 133 163 233 265 307 314 39 371
計
４．民間検査会社
５．大学等
６．医療機関
3/17(火) 3/18(水) 3/19(木) 3/20(金) 3/21(土) 3/22(日) 3/23(月) 3/24(火) 3/25(水)
3/3(火) 3/4(水) 3/５(木) 3/６(金)
６．医療機関
４．民間検査会社
計
５．大学等
3/26(木) 3/27(金) 3/28(土) 3/29(日) 3/30(月)
11 7 5
0 0 0
3/16(月)
3/8(日) 3/9(月) 3/10(火) 3/11(水) 3/15(日)
3/12(木) 3/13(金) 3/14(土)
3/7(土)
１．国立感染症研究所 0 0 0 186 517 288 338 357 414 287 344 351 326 103
２．検疫所 207 46 131 496 590 702 627 685 805 940 650 683 833 819
３．地方衛生研究所・保健所 3,058 2,927 3,592 3,616 3,221 1,991 2,658 4,109 4,085 4,422 4,477 4,130 3,222 3,061
388 475 707 779 1,181 496 759 1,316 1,824 1,620 1,512 1,421 287 1,687
349 441 642 671 647 5 484 704 1094 1,093 1,059 984 12 1,031
251 352 400 519 381 146 634 605 586 524 650 347 43 717
82 82 126 132 65 33 227 156 161 201 195 87 12 311
193 357 271 179 67 44 251 201 285 331 343 91 82 400
88 113 156 104 45 31 183 125 150 230 259 63 77 283
4,097 4,157 5,101 5,775 5,957 3,667 5,267 7,273 7,999 8,124 7,976 7,023 4,793 6,787
519 636 924 907 757 69 894 985 1,405 1,524 1,513 1,134 101 1,625
(単位：件)
3/6以降の計
１．国立感染症研究所 205 83 0 135 8 125 7,685 5,440
２．検疫所 939 694 703 846 777 834 15,476 14,449
３．地方衛生研究所・保健所 4,809 5,149 5,101 4,129 4,013 3,067 123,009 108,145
1,449 1,932 1,680 2,057 2,717 29 27,312 26,756
1,269 1,579 1,474 1,820 2,499 12 19,469 19,469
680 517 513 578 180 33 10,960 10,754
243 205 242 201 87 23 3,703 3,703
358 402 280 395 107 87 6,382 6,382
256 274 213 270 79 54 3,759 3,759
8,440 8,777 8,277 8,140 7,802 4,175 190,824 171,926
1,768 2,058 1,929 2,291 2,665 89 26,931 26,931
＊速報値(航空機及び船舶の到着日ベース)
斜体 はうち保険適用分＊＊
＊＊ 4．民間検査会社分の斜体は、医療機関からの受託分のため全て保険適用分としている。
上記の数値は暫定値であり、変更される可能性がある。
６．医療機関
4/9(木)
計
3/31(火) 4/1(水)
４．民間検査会社
4/3(金)
4/2(木)
５．大学等
4/5(日)
4/4(土) 4/7(火)
4/6(月) 4/10(金)
4/8(水) 4/11(土) 4/12(日) 4/13(月)
計
4/19(日)
4/18(土)
６．医療機関
計
４．民間検査会社
５．大学等
4/14(火) 4/15(水) 4/16(木) 4/17(金)
＊ ＊ ＊ ＊ ＊
＊ ＊ ＊
＊
＊ ＊ ＊
＊ ＊ ＊
＊ ＊
