新型コロナウイルス感染症の国内発生動向
（令和２年３月17日18時時点）
【註1】チャーター機、クルーズ船案件は除く
【註2】医療機関からの届出情報との突合前
0
10
20
30
40
50
60
70
調査中
1月16日
1月18日
1月20日
1月22日
1月24日
1月26日
1月28日
1月30日
2月1日
2月3日
2月5日
2月7日
2月9日
2月11日
2月13日
2月15日
2月17日
2月19日
2月21日
2月23日
2月25日
2月27日
2月29日
3月2日
3月4日
3月6日
3月8日
3月10日
3月12日
3月14日
3月16日
確定日別人数
有症者 758 無症者 92 症状確認中 3
17 1 3 8 4
23
78
105
213
257
49
9
3
6
27
43
4
1
2
0
50
100
150
200
250
300
350
確定週別人数
有症者 758 無症者 92 症状確認中 3
新型コロナウイルス感染症の国内発生動向
（令和２年３月17日18時時点）
【註1】チャーター機、クルーズ船案件は除く
【註2】医療機関からの届出情報との突合前
2 2 1 4 5 1
1 2 17 13 2 3
4 1
23 33
13 1
2
4
25
26
1 2
12 8
21
44
74
144 158
106
2
0
50
100
150
200
250
発症週別有症者数
屋形船 15 ハワイ 38 大阪ライブハウス 75 愛知デイサービス 31 その他 598
令和２年３月17日18時時点
新型コロナウイルス感染症の国内発生動向
7 16
5 1
1 2 9 12
17 5
16 8
62
91
119
165
144
98
59
6
7
0
20
40
60
80
100
120
140
160
180
200
年齢階級別陽性者数
死亡 29 重症 46 その他 775
13 4
57
77
100
159
145
118
71
9 5
3
4
6
14
21
15
11
4
9
2 3
0
20
40
60
80
100
120
140
160
180
200
年齢階級別陽性者数
有症者 758 無症者 92
