PCM-DPC dati forniti dal Ministero della Salute
Ricoverati
con sintomi
Terapia
intensiva
Isolamento
domiciliare
Totale
attualmente
positivi
Lombardia 11.914 1.343 15.212 28.469 13.863 9.202 51.534 154.989
Emilia Romagna 3804 372 8875 13.051 2.397 2.108 17.556 72.163
Piemonte 3.484 438 6.623 10.545 1.128 1.251 12.924 41.123
Veneto 1714 322 7686 9.722 1.204 662 11.588 146.288
Toscana 1.116 279 3.906 5.301 350 350 6.001 52.849
Marche 1001 140 2565 3.706 296 612 4.614 15.919
Liguria 1141 162 1814 3.117 837 595 4.549 15.533
Lazio 1235 197 1868 3.300 502 229 4.031 47.470
Campania 610 101 1987 2.698 156 204 3.058 24.526
Trento 354 79 1.405 1.838 280 230 2.348 11.130
Puglia 625 97 1393 2.115 134 195 2.444 22.059
Friuli V.G. 189 46 1.161 1.396 549 158 2.103 22.272
Sicilia 563 74 1.178 1.815 108 123 2.046 23.464
Abruzzo 340 66 1.019 1.425 127 169 1.721 14.198
Bolzano 245 52 963 1.260 298 164 1.722 16.825
Umbria 159 46 667 872 337 44 1.253 12.573
Sardegna 123 26 670 819 56 47 922 7.521
Calabria 170 14 538 722 37 58 817 13.633
Valle d'Aosta 109 21 437 567 142 96 805 2.590
Basilicata 46 18 198 262 12 13 287 3.061
Molise 34 5 148 187 24 13 224 1.546
TOTALE 28.976 3.898 60.313 93.187 22.837 16.523 132.547 721.732
93.187
22.837
16.523
132.547
TOTALE DECEDUTI
CASI TOTALI
ATTUALMENTE POSITIVI
TOTALE GUARITI
Regione
AGGIORNAMENTO 06/04/2020 ORE 17.00
POSITIVI AL nCoV
DIMESSI/
GUARITI
DECEDUTI CASI TOTALI TAMPONI
