帰国者・接触者相談
センター
相談件数
帰国者・接触者外来
受診患者数
帰国者・接触者外来
ＰＣＲ検査実施件数
北海道 14,007 333 281
青森 914 55 50
岩手 1,220 29 14
宮城 2,171 83 82
秋田 1,101 28 25
山形 1,391 129 112
福島 1,066 71 47
茨城 165 180 169
栃木 4,297 131 111
群馬 3,919 219 125
埼玉 18,796 174 112
千葉 9,631 529 373
東京 25,205 731 334
神奈川 20,562 877 855
新潟 2,025 116 97
富山 209 47 25
石川 763 119 86
福井 2,005 86 68
山梨 2,313 197 149
長野 4,369 171 113
岐阜 234 184 103
静岡 8,304 238 234
愛知 1,985 264 243
三重 889 104 87
滋賀 3,797 139 82
京都 3,904 148 122
大阪 14,917 785 624
兵庫 4,336 168 92
奈良 1,468 197 116
和歌山 508 348 179
鳥取 1,138 42 42
島根 865 85 70
岡山 976 69 51
広島 10,533 293 293
山口 5,438 86 86
徳島 769 70 68
香川 774 72 66
愛媛 661 84 75
高知 1,680 128 120
福岡 11,762 610 237
佐賀 1,212 45 32
長崎 708 87 56
熊本 8,102 268 221
大分 1,544 51 32
宮崎 2,616 29 25
鹿児島 2,075 87 61
沖縄 1,623 115 63
合計 208,947 9,101 6,708
帰国者・接触者相談センターの相談件数等（都道府県別）
期間：2月1日～3月16日
（注）暫定値（3月17日までに都道府県から報告された数の合計であり、順次アップ
デートされるため、数値が変動する）
