国内における新型コロナウイルスに係るPCR検査の実施状況（2月18日以降、結果判明日ベース） （３月31日時点）
2/18(火) 2/19(水) 2/20(木) 2/21(金) 2/22(土) 2/23(日) 2/24(月) 2/25(火) 2/26(水) 2/27(木) 2/28(金) 2/29(土) 3/1(日) 3/2(月) 3/3(火) 3/4(水) 3/５(木)
１．国立感染症研究所 472 15 20 261 341 53 22 195 267 237 53 10 0 125 20 71 83
２．検疫所 75 68 15 188 127 72 103 38 19 61 79 86 22 24 27 12 11
３．地方衛生研究所・保健所 377 616 640 922 680 534 371 699 940 994 1,258 815 497 1,068 1,667 1,413 1,463
４．民間検査会社 0 0 0 132 2 0 17 0 149 0 102 0 116 15 11 7 5
５．大学 79 0 0 108 19 0 0 0 0 0 0 0 0 0 0 0 0
６．医療機関
計 1,003 699 675 1,611 1,169 659 513 932 1,375 1,292 1,492 911 635 1,232 1,725 1,503 1,562
→保険適用開始
１．国立感染症研究所 107 18 0 0 8 69 86 4 153 12 25 35 16 22 0 0 4
２．検疫所 35 13 10 27 57 45 128 187 238 59 65 14 59 31 51 40 83
３．地方衛生研究所・保健所 1,534 1,413 519 1,011 1,668 1,463 1,369 1,106 1,058 425 815 1,501 1,406 1,413 1,175 604 629
5 11 2 4 97 81 28 37 53 0 35 63 97 86 28 121 0
0 1 0 4 18 70 26 30 45 0 35 50 93 80 24 120 0
57 16 7 88 61 14 69 66 55 3 71 61 80 81 94 28 42
21 6 4 37 25 10 40 24 22 0 40 32 46 44 3 20 22
67 44 7 43 60 69 58 91 50 104 43 43 32 55 16 12 18
7 4 4 17 20 21 23 13 4 5 17 19 17 18 14 6 13
1,805 1,515 545 1,173 1,951 1,741 1,738 1,491 1,607 603 1,054 1,717 1,690 1,688 1,364 805 776
28 11 8 58 63 101 89 67 71 5 92 101 156 142 41 146 35
(単位：件)
3/6以降の計
１．国立感染症研究所 0 2 0 0 30 0 326 456 0 3,618 1,373
２．検疫所 20 47 29 17 12 16 62 97 ※ 2,469 1,442
３．地方衛生研究所・保健所 935 1,704 1,373 1,616 1,038 1,205 1,199 1,472 2,649 47,254 32,300
37 84 142 142 192 273 272 465 388 3,299 2,743
35 65 139 132 181 262 3 177 349 1,939 1,939
102 95 101 143 158 159 94 ※ ※ 1,951 1,745
49 39 46 42 56 22 9 659 659
28 50 49 58 55 39 23 ※ ※ 1,114 1,114
16 34 27 36 37 18 17 407 407
1,122 1,982 1,694 1,976 1,485 1,692 1,976 2,490 3,037 59,705 40,717
100 138 212 210 274 302 29 177 349 3,005 3,005
斜体 はうち保険適用分＊ ※ 調査中
＊ 4．民間検査会社分の斜体は、医療機関からの受託分のため全て保険適用分としている。
暫定値（4月1日までに自治体等から回答があった数の合計であり、順次アップデートされるため、数値が変動する：4月1日集計）
3/28(土)
3/27(金)
3/26(木)
５．大学
６．医療機関
計
3/23(月)
４．民間検査会社
3/24(火) 3/25(水) 3/29(日) 3/30(月)
3/9(月) 3/10(火) 3/11(水) 3/12(木)
3/６(金) 3/7(土) 3/8(日)
６．医療機関
４．民間検査会社
計
５．大学
計
3/31(火)
3/22(日)
3/13(金) 3/14(土) 3/18(水)
3/15(日) 3/16(月) 3/17(火) 3/20(金) 3/21(土)
3/19(木)
