新型コロナウイルス感染症の国内発生動向
（令和２年４月４日18時時点）
【註1】チャーター機、クルーズ船案件は除く
【註2】医療機関からの届出情報との突合前
1 111 3131 31 1 58464888
12
25
11
12
15
12
26
19
6
15
9
24
29
31
53
36
28
20
51
47
52
37
47
16
20
48
32
46
34
35
33
38
66
78
74
73
114
51
74
145
96
95
167
63 1
1
1
2
1
3
5
44
6
5
4
9
7
7
2
9
82
2
5
2
6361
4
8
55
32
22
13
5
19
5
18
00000000000000000000000000000
0000
0
000
0
0
00
0
0
0
0
0
00
0
00
0
0
00
0
00
0
0
01
1
0
0
0001
3
0
19
42
60
76
13
85
6
1
11
0
50
100
150
200
250
確定日別人数
有症者 2205 無症者 278 症状確認中 708
69
1 3 8 4 24
76 105
210
270248
494
693
20
9
3
6
28
42
26
77
67
380
2
201
125
0
100
200
300
400
500
600
700
800
900
1000
確定週別人数
有症者 2205 無症者 278 症状確認中 708
令和２年４月４日18時時点
新型コロナウイルス感染症の国内発生動向
4 4 27 27 7 1
1 3 4 13 19
19 11
38 60
503469
524496
392
289
136
34
9
91 10
0
100
200
300
400
500
600
10歳未満
10代
20代
30代
40代
50代
60代
70代
80代
90代
不明
調査中
非公表
年齢階級別陽性者数
死亡 70 重症 70 その他 3051
23 28
362
291
359
392
321
235
122
26 3 35 8
10
18
35
28
40
27
22
20
20
6
1
48 3
6 14
106
153
129 94
72
80
32
9
5
8
0
100
200
300
400
500
600
10歳未満
10代
20代
30代
40代
50代
60代
70代
80代
90代
不明
調査中
非公表
年齢階級別陽性者数
有症者 2205 無症者 278
症状確認中 708
令和２年４月４日18時時点
新型コロナウイルス感染症の国内発生動向
192
9 19 8 4 10 43 14 25
139
163
232
184
26 8 25 42 11 10 35 9
202
9 15
74
344
149
18 19 7 8 5 2 1 10 21 48
6 7 14 23 4 2 9
1
2 1 2 2 4
12
9
48
13
12
6
2
3 1 1 8
1
14
3 2
16
43
31
6 2 3 2 2 1 1
2
3
7
1 2 8
1
4
5
8
652
1
4 1
15
1
2
3
12
0
100
200
300
400
500
600
700
800
900
1000
北海道
青森
岩手
宮城
秋田
山形
福島
茨城
栃木
群馬
埼玉
千葉
東京
神奈川
新潟
富山
石川
福井
山梨
長野
岐阜
静岡
愛知
三重
滋賀
京都
大阪
兵庫
奈良
和歌山
鳥取
島根
岡山
広島
山口
徳島
香川
愛媛
高知
福岡
佐賀
長崎
熊本
大分
宮崎
鹿児島
沖縄
都道府県別人数
有症者 2205 無症者 278 症状確認中 708
