帰国者・接触者相談
センター
相談件数
帰国者・接触者外来
受診患者数
帰国者・接触者外来
ＰＣＲ検査実施件数
北海道 12,543 293 253
青森 869 50 48
岩手 1,081 27 20
宮城 1,973 66 65
秋田 109 19 16
山形 1,273 121 104
福島 896 57 37
茨城 132 146 136
栃木 3,988 115 95
群馬 3,377 189 104
埼玉 18,796 174 112
千葉 9,259 503 354
東京 23,350 643 289
神奈川 17,969 644 623
新潟 1,875 104 85
富山 192 40 22
石川 682 100 77
福井 1,875 80 63
山梨 1,677 131 95
長野 4,012 148 95
岐阜 215 163 96
静岡 7,263 219 215
愛知 1,456 264 243
三重 889 104 87
滋賀 3,147 116 67
京都 3,904 148 122
大阪 9,929 676 531
兵庫 2,899 166 90
奈良 1,325 180 105
和歌山 436 306 158
鳥取 978 36 36
島根 736 79 66
岡山 816 51 36
広島 9,766 230 230
山口 5,104 77 77
徳島 691 63 61
香川 696 46 43
愛媛 489 74 65
高知 404 82 76
福岡 10,995 559 206
佐賀 994 36 25
長崎 688 87 56
熊本 7,616 237 194
大分 1,313 41 26
宮崎 2,388 27 23
鹿児島 2,002 74 54
沖縄 1,466 70 53
合計 184,533 7,861 5,734
帰国者・接触者相談センターの相談件数等（都道府県別）
期間：2月1日～3月13日
（注）暫定値（3月14日までに都道府県から報告された数の合計であり、順次アップ
デートされるため、数値が変動する）
