PCM‐DPC dati forniti dal Ministero della Salute
Ricoverati
con sintomi
Terapia
intensiva
Isolamento
domiciliare
Totale
attualmente
positivi
Lombardia 6.529 545 29.593 36.667 26.146 14.189 77.002 + 533 403.702 243.383
Piemonte 2.550 178 12.991 15.719 8.334 3.126 27.179 + 495 168.479 118.814
Emilia Romagna 2.033 196 7.094 9.323 12.913 3.614 25.850 + 206 192.135 128.005
Veneto 970 108 6.353 7.431 9.291 1.502 18.224 + 126 370.978 216.997
Toscana 519 118 4.728 5.365 3.297 863 9.525 + 80 148.223 112.437
Liguria 647 68 2.883 3.598 3.519 1.195 8.312 + 186 53.202 34.037
Lazio 1.370 96 2.986 4.452 1.807 497 6.756 + 84 147.078 114.761
Marche 399 46 2.760 3.205 2.177 916 6.298 + 23 62.834 41.156
Campania 470 27 2.224 2.721 1.376 362 4.459 + 15 83.592 45.955
Trento 138 19 1.125 1.282 2.474 425 4.181 + 49 39.579 23.380
Puglia 416 39 2499 2.954 757 422 4.133 + 34 65.370 63.782
Sicilia 396 30 1.760 2.186 787 240 3.213 + 19 84.352 77.590
Friuli V.G. 131 5 973 1.109 1.655 295 3.059 + 18 73.855 47.259
Abruzzo 303 16 1.560 1.879 758 327 2.964 + 16 39.916 29.308
Bolzano 113 10 580 703 1.553 279 2.535 + 7 43.804 20.036
Umbria 60 13 123 196 1.130 68 1.394 + 1 38.072 26.463
Sardegna 86 13 631 730 466 119 1.315 + 2 26.990 24.065
Valle d'Aosta 70 3 25 98 901 137 1.136 + 3 7.951 5.931
Calabria 100 4 609 713 311 88 1.112 0 37.928 35.975
Basilicata 48 4 139 191 164 25 380 + 2 13.722 13.722
Molise 9 1 172 182 98 21 301 + 1 7.075 6.808
TOTALE 17.357 1.539 81.808 100.704 79.914 28.710 209.328 + 1.900 2.108.837 1.429.864
100.704
79.914
28.710
209.328
TOTALE GUARITI
TOTALE DECEDUTI
CASI TOTALI
INCREMENTO
CASI TOTALI
(rispetto al giorno
precedente)
TAMPONI CASI TESTATI
ATTUALMENTE POSITIVI
Regione
AGGIORNAMENTO 02/05/2020 ORE 17.00
POSITIVI AL nCoV
DIMESSI/
GUARITI
DECEDUTI CASI TOTALI
