PCM-DPC dati forniti dal Ministero della Salute
Ricoverati
con sintomi
Terapia
intensiva
Isolamento
domiciliare
Totale
attualmente
positivi
Lombardia 11.833 1.305 15.205 28.343 14.498 9.484 52.325 159.331
Emilia Romagna 3750 366 8932 13.048 2.597 2.180 17.825 75.191
Piemonte 3.553 432 6.719 10.704 1.320 1.319 13.343 44.121
Veneto 1579 297 8089 9.965 1.265 695 11.925 153.542
Toscana 1087 263 4077 5.427 377 369 6.173 56.651
Marche 962 139 2637 3.738 342 630 4.710 16.619
Liguria 1090 156 1966 3.212 925 620 4.757 16.579
Lazio 1229 192 1944 3.365 546 238 4.149 48.874
Campania 603 103 2059 2.765 167 216 3.148 25.779
Trento 360 78 1452 1.890 342 244 2.476 12.030
Puglia 615 93 1429 2.137 168 209 2.514 23.149
Friuli V.G. 185 44 1.150 1.379 610 164 2.153 23.536
Sicilia 562 73 1.224 1.859 113 125 2.097 24.857
Abruzzo 337 67 1.087 1.491 136 172 1.799 14.904
Bolzano 325 64 912 1.301 336 174 1.811 17.761
Umbria 157 41 648 846 368 49 1.263 13.274
Sardegna 122 26 673 821 62 52 935 7.680
Calabria 169 14 550 733 40 60 833 14.072
Valle d'Aosta 118 17 458 593 142 100 835 2.754
Basilicata 47 17 201 265 12 14 291 3.160
Molise 35 5 145 185 26 13 224 1.581
TOTALE 28.718 3.792 61.557 94.067 24.392 17.127 135.586 755.445
94.067
24.392
17.127
135.586
TOTALE DECEDUTI
CASI TOTALI
ATTUALMENTE POSITIVI
TOTALE GUARITI
Regione
AGGIORNAMENTO 07/04/2020 ORE 17.00
POSITIVI AL nCoV
DIMESSI/
GUARITI
DECEDUTI CASI TOTALI TAMPONI
