PCM-DPC dati forniti dal Ministero della Salute
Ricoverati
con sintomi
Terapia
intensiva
Isolamento
domiciliare
Totale
attualmente
positivi
Lombardia 11.762 1.351 12.763 25.876 12.229 7.960 46.065 128.286
Emilia Romagna 3944 366 7549 11.859 1.663 1.811 15.333 60.507
Veneto 1670 345 6563 8.578 1.001 532 10.111 120.320
Piemonte 3.341 453 5.005 8.799 571 983 10.353 32.100
Toscana 1.135 295 3.359 4.789 216 268 5.273 40.724
Marche 986 164 2405 3.555 40 503 4.098 12.943
Liguria 1120 172 1368 2.660 634 488 3.782 12.069
Lazio 1.169 181 1.529 2.879 369 185 3.433 41.575
Campania 503 120 1517 2.140 149 167 2.456 17.404
Trento 339 78 1.170 1.587 229 187 2.003 8.496
Puglia 645 118 1101 1.864 69 144 2.077 16.554
Friuli V.G. 199 60 1.035 1.294 376 129 1.799 17.121
Sicilia 503 73 1.030 1.606 92 93 1.791 17.833
Abruzzo 341 75 835 1.251 113 133 1.497 10.647
Bolzano 279 60 821 1.160 190 129 1.479 12.677
Umbria 171 47 667 885 205 38 1.128 9.737
Sardegna 117 24 577 718 36 40 794 5.970
Calabria 163 19 445 627 23 41 691 10.679
Valle d'Aosta 85 25 446 556 49 63 668 1.934
Basilicata 38 19 176 233 3 10 246 2.427
Molise 30 8 95 133 21 11 165 1.229
TOTALE 28.540 4.053 50.456 83.049 18.278 13.915 115.242 581.232
83.049
18.278
13.915
115.242
CASI TOTALI
ATTUALMENTE POSITIVI
TOTALE GUARITI
TOTALE DECEDUTI
Regione
AGGIORNAMENTO 02/04/2020 ORE 17.00
POSITIVI AL nCoV
DIMESSI/
GUARITI
DECEDUTI CASI TOTALI TAMPONI
