新型コロナウイルス感染症の国内発生動向
（令和２年３月26日18時時点）
【註1】チャーター機、クルーズ船案件は除く
【註2】医療機関からの届出情報との突合前
7
1 1 1 1
3
1
3
1
3
1 1
5
8
4
6
4
8 8 8
12
25
11
12
15
12
26
17
7
16
9
24
29
31
54
36
28
19
51
47
52
37
47
16
20
47
33
46
6 3
1
1
1
2
1
3
5
4
4
6
5
4
9
7
7
2
9
8
2
2
5
2
0
10
20
30
40
50
60
70
調査中
1月16日
1月18日
1月20日
1月22日
1月24日
1月26日
1月28日
1月30日
2月1日
2月3日
2月5日
2月7日
2月9日
2月11日
2月13日
2月15日
2月17日
2月19日
2月21日
2月23日
2月25日
2月27日
2月29日
3月2日
3月4日
3月6日
3月8日
3月10日
3月12日
3月14日
3月16日
3月18日
確定日別人数
有症者 1191 無症者 131 症状確認中 27
7 1 3 8 4 24
76105
211
269
247
236
9
3
6
28
42
2617
2 25
0
50
100
150
200
250
300
350
調査中
1月13日～1月19日
1月20日～1月26日
1月27日～2月2日
2月3日～2月9日
2月10日～2月16日
2月17日～2月23日
2月24日～3月1日
3月2日～3月8日
3月9日～3月15日
3月16日～3月22日
3月23日～3月29日
確定週別人数
有症者 1191 無症者 131 症状確認中 27
令和２年３月26日18時時点
新型コロナウイルス感染症の国内発生動向
1 18 21 5 1
1 4 7 20
16 9
21 13
126
148
220
240 205 163
83
16
4
7
0
50
100
150
200
250
300
10歳未満
10代
20代
30代
40代
50代
60代
70代
80代
90代
不明
非公表
年齢階級別陽性者数
死亡 46 重症 57 その他 1246
15 7
112127
197
230209
175
95
16 3 5
5 6
12
18
24
16
15
12
16
4
3
1
2
4
3
2
1
10
2
1
1
0
50
100
150
200
250
300
年齢階級別陽性者数
有症者 1191 無症者 131 確認中 27
