帰国者・接触者相談
センター
相談件数
帰国者・接触者外来
受診患者数
帰国者・接触者外来
ＰＣＲ検査実施件数
北海道 15,353 333 281
青森 945 59 53
岩手 1,262 31 14
宮城 2,234 87 86
秋田 1,101 28 25
山形 1,441 132 115
福島 1,117 76 52
茨城 165 180 169
栃木 4,636 165 142
群馬 4,255 229 143
埼玉 18,796 174 112
千葉 11,139 658 458
東京 26,774 818 382
神奈川 20,562 877 855
新潟 2,066 119 100
富山 215 49 27
石川 771 124 89
福井 2,135 99 78
山梨 2,313 197 149
長野 4,534 185 124
岐阜 239 190 107
静岡 8,600 250 246
愛知 1,985 264 243
三重 889 104 87
滋賀 3,797 139 82
京都 3,904 148 122
大阪 16,760 785 624
兵庫 4,336 168 92
奈良 1,514 206 123
和歌山 508 348 179
鳥取 1,192 45 45
島根 911 87 73
岡山 1,087 78 57
広島 11,763 315 315
山口 5,602 92 92
徳島 793 71 69
香川 854 78 72
愛媛 674 94 83
高知 1,680 128 120
福岡 12,304 634 239
佐賀 1,212 45 32
長崎 708 87 56
熊本 8,287 284 238
大分 1,585 54 33
宮崎 2,729 29 25
鹿児島 2,245 93 67
沖縄 1,623 115 63
合計 219,595 9,551 7,038
帰国者・接触者相談センターの相談件数等（都道府県別）
期間：2月1日～3月17日
（注）暫定値（3月18日までに都道府県から報告された数の合計であり、順次アップ
デートされるため、数値が変動する）
