PCM‐DPC dati forniti dal Ministero della Salute
Ricoverati
con sintomi
Terapia
intensiva
Isolamento
domiciliare
Totale
attualmente
positivi
Lombardia 10681 1263 10245 22189 7839 4861 34.889 87.713
Emilia Romagna 3354 301 5195 8850 792 1174 10.816 42.395
Veneto 1447 326 4367 6140 508 287 6.935 79.759
Piemonte 2633 408 2909 5950 135 449 6.534 18.054
Marche 977 166 1652 2795 9 310 3.114 8.623
Toscana 1037 259 1677 2973 95 158 3.226 20.952
Liguria 998 154 875 2027 260 280 2.567 7.304
Lazio 878 113 844 1835 155 106 2.096 22.771
Campania 448 114 607 1169 58 83 1.310 8.346
Trento 300 66 728 1094 117 86 1.297 4.600
Puglia 480 76 539 1095 22 65 1.182 9.191
Friuli V.G. 212 54 688 954 197 72 1.223 10.721
Sicilia 346 68 681 1095 36 33 1.164 9.658
Abruzzo 280 64 516 860 23 63 946 5.488
Bolzano 223 43 525 791 67 48 906 7.744
Umbria 144 46 580 770 12 20 802 5.428
Valle d'Aosta 73 24 281 378 2 28 408 1.203
Sardegna 92 20 350 462 13 19 494 3.461
Calabria 101 23 248 372 7 14 393 5.933
Basilicata 22 16 95 133 1 134 1.046
Molise 27 8 46 81 14 8 103 670
TOTALE 24.753 3.612 33.648 62.013 10.361 8.165 80.539 361.060
62.013
10.361
8.165
80.539
DIMESSI/
GUARITI
POSITIVI AL nCoV
AGGIORNAMENTO 26/03/2020 ORE 17.00
TOTALE DECEDUTI
CASI TOTALI
TOTALE GUARITI
ATTUALMENTE POSITIVI
TAMPONI
CASI TOTALI
DECEDUTI
Regione
