PCM-DPC dati forniti dal Ministero della Salute
Ricoverati
con sintomi
Terapia
intensiva
Isolamento
domiciliare
Totale
attualmente
positivi
Lombardia 11815 1330 11861 25006 10337 6818 42.161 111.057
Emilia Romagna 3779 351 6636 10766 1227 1538 13.531 50.990
Veneto 1633 356 5575 7564 747 413 8.724 99.941
Piemonte 2.985 452 4.218 7655 308 749 8.712 25.478
Toscana 1116 279 2655 4050 131 231 4.412 30.099
Marche 998 167 2086 3251 16 417 3.684 10.979
Liguria 1142 175 1066 2383 437 397 3.217 9.677
Lazio 1079 154 1264 2497 267 150 2.914 32.846
Campania 468 126 1145 1739 88 125 1.952 12.969
Trento 353 78 926 1357 178 147 1.682 6.377
Puglia 590 106 889 1585 36 91 1.712 13.117
Friuli V.G. 229 60 820 1109 285 107 1.501 14.003
Sicilia 484 75 849 1408 71 76 1.555 14.758
Abruzzo 322 69 778 1169 74 102 1.345 7.948
Bolzano 231 62 805 1098 153 74 1.325 10.640
Umbria 173 47 614 834 184 33 1.051 8.150
Sardegna 113 24 485 622 32 28 682 4.993
Calabria 130 18 454 602 14 31 647 9.013
Valle d'Aosta 92 26 400 518 16 50 584 1.536
Basilicata 36 18 154 208 1 5 214 1.833
Molise 27 8 72 107 18 9 134 955
TOTALE 27.795 3.981 43.752 75.528 14.620 11.591 101.739 477.359
75.528
14.620
11.591
101.739
CASI TOTALI
ATTUALMENTE POSITIVI
TOTALE GUARITI
TOTALE DECEDUTI
Regione
AGGIORNAMENTO 30/03/2020 ORE 17.00
POSITIVI AL nCoV
DIMESSI/
GUARITI
DECEDUTI CASI TOTALI TAMPONI
