PCM-DPC dati forniti dal Ministero della Salute
Ricoverati
con sintomi
Terapia
intensiva
Isolamento
domiciliare
Totale
attualmente
positivi
Lombardia 6.609 532 29.785 36.926 26.371 14.231 77.528 + 526 410.857 247.176
Piemonte 2.496 169 12.973 15.638 8.640 3.152 27.430 + 251 172.208 121.176
Emilia Romagna 1.997 197 6.851 9.045 13.329 3.642 26.016 + 166 197.075 131.047
Veneto 955 103 6.241 7.299 9.503 1.516 18.318 + 94 378.202 220.598
Toscana 513 112 4.703 5.328 3.363 872 9.563 + 38 150.914 114.354
Liguria 627 68 2.856 3.551 3.599 1.209 8.359 + 47 54.492 34.613
Lazio 1.346 95 2.944 4.385 1.916 508 6.809 + 53 150.912 117.796
Marche 400 43 2.755 3.198 2.194 927 6.319 + 21 64.412 42.281
Campania 455 30 2.241 2.726 1.394 364 4.484 + 25 86.498 47.027
Trento 136 17 1.094 1.247 2.571 429 4.247 + 66 41.095 24.085
Puglia 410 40 2505 2.955 765 424 4.144 + 11 66.443 64.781
Sicilia 383 29 1.791 2.203 795 242 3.240 + 27 85.955 78.409
Friuli V.G. 131 6 950 1.087 1.688 297 3.072 + 13 74.990 48.041
Abruzzo 300 16 1.552 1.868 798 330 2.996 + 32 40.699 29.788
Bolzano 109 11 545 665 1.590 281 2.536 + 1 44.240 20.166
Umbria 58 13 112 183 1.143 68 1.394 0 38.823 26.973
Sardegna 92 10 587 689 511 119 1.319 + 4 27.737 24.662
Valle d'Aosta 74 2 33 109 895 138 1.142 + 6 8.100 6.046
Calabria 95 4 603 702 324 88 1.114 + 2 38.835 36.874
Basilicata 48 3 143 194 167 25 386 + 6 14.210 14.210
Molise 8 1 172 181 98 22 301 0 7.075 6.808
TOTALE 17.242 1.501 81.436 100.179 81.654 28.884 210.717 + 1.389 2.153.772 1.456.911
100.179
81.654
28.884
210.717
TOTALE GUARITI
TOTALE DECEDUTI
CASI TOTALI
INCREMENTO
CASI TOTALI
(rispetto al giorno
precedente)
TAMPONI CASI TESTATI
ATTUALMENTE POSITIVI
Regione
AGGIORNAMENTO 03/05/2020 ORE 17.00
POSITIVI AL nCoV
DIMESSI/
GUARITI
DECEDUTI CASI TOTALI
