国内における新型コロナウイルスに係るPCR検査の実施状況（結果判明日ベース） （4月6日時点）
2/18(火) 2/19(水) 2/20(木) 2/21(金) 2/22(土) 2/23(日) 2/24(月) 2/25(火) 2/26(水) 2/27(木) 2/28(金) 2/29(土) 3/1(日) 3/2(月) 3/3(火) 3/4(水) 3/５(木)
１．国立感染症研究所 472 15 20 261 341 53 22 195 267 237 53 10 0 125 20 71 83
２．検疫所 75 68 15 188 127 72 103 38 19 61 79 86 22 24 27 12 11
３．地方衛生研究所・保健所 396 679 709 914 658 530 363 659 934 1,075 1,255 920 491 979 1,529 1,321 1,452
４．民間検査会社 0 0 0 132 2 0 17 0 149 0 102 0 116 15 11 7 5
５．大学 79 0 0 108 19 0 0 0 0 0 0 0 0 0 0 0 0
６．医療機関
計 1,022 762 744 1,603 1,147 655 505 892 1,369 1,373 1,489 1,016 629 1,143 1,587 1,411 1,551
→保険適用開始
１．国立感染症研究所 107 18 0 0 8 69 86 4 153 12 25 35 16 22 0 0 4
２．検疫所 35 13 10 27 57 45 128 187 238 59 65 14 59 31 51 40 83
３．地方衛生研究所・保健所 1,687 1,397 539 1,009 1,652 1,469 1,363 1,144 1,052 458 817 1,581 1,413 1,507 1,153 629 622
5 11 2 4 97 81 28 37 53 0 35 63 97 86 28 121 0
0 1 0 4 18 70 26 30 45 0 35 50 93 80 24 120 0
53 16 7 81 59 63 52 62 14 3 66 56 80 78 93 28 42
21 6 4 33 25 40 22 24 10 0 40 32 47 44 3 20 22
67 44 7 43 60 69 60 91 51 104 43 44 34 55 17 12 18
7 4 4 17 20 21 25 13 5 5 17 20 19 18 15 6 13
1,954 1,499 565 1,164 1,933 1,796 1,717 1,525 1,561 636 1,051 1,793 1,699 1,779 1,342 830 769
28 11 8 54 63 131 73 67 60 5 92 102 159 142 42 146 35
(単位：件)
3/6以降の計
１．国立感染症研究所 0 2 0 0 30 0 326 456 0 0 0 186 517 288 338 4,947 2,702
２．検疫所 20 47 29 17 12 16 62 97 207 46 131 136 360 ※ ※ 3,349 2,322
３．地方衛生研究所・保健所 1,076 1,753 1,571 1,721 1,773 2,049 1,326 1,658 2,979 2,768 3,376 3,430 2,805 1,732 2,191 66,564 51,700
37 84 142 142 192 273 272 465 388 475 707 771 1,181 496 750 7,679 7,123
35 65 139 132 181 262 3 177 349 441 642 671 647 5 484 4,829 4,829
101 113 96 141 150 149 94 191 220 319 308 422 295 91 ※ 3,749 3,543
54 39 47 44 55 22 9 88 66 69 110 123 44 30 1,193 1,193
30 50 52 61 60 42 28 91 131 284 187 104 50 38 ※ 2,027 2,027
18 34 30 39 42 21 22 66 71 61 106 61 38 31 869 869
1,264 2,049 1,890 2,082 2,217 2,529 2,108 2,958 3,925 3,892 4,709 5,049 5,208 2,645 3,279 88,315 69,417
107 138 216 215 278 305 34 331 486 571 858 855 729 66 484 6,891 6,891
斜体 はうち保険適用分＊ ※調査中
＊ 4．民間検査会社分の斜体は、医療機関からの受託分のため全て保険適用分としている。
暫定値（4月7日までに自治体等から回答があった数の合計であり、順次アップデートされるため、数値が変動する：4月7日集計）
3/28(土) 4/1(水) 4/4(土)
4/2(木) 4/3(金) 4/5(日) 4/6(月)
3/27(金)
3/26(木)
５．大学
６．医療機関
計
3/23(月)
４．民間検査会社
3/24(火) 3/25(水) 3/29(日) 3/30(月) 3/31(火)
3/9(月) 3/10(火) 3/11(水) 3/12(木)
3/６(金) 3/7(土) 3/8(日)
６．医療機関
４．民間検査会社
計
５．大学
計
3/22(日)
3/13(金) 3/14(土) 3/18(水)
3/15(日) 3/16(月) 3/17(火) 3/20(金) 3/21(土)
3/19(木)
