帰国者・接触者相談
センター
相談件数
帰国者・接触者外来
受診患者数
帰国者・接触者外来
ＰＣＲ検査実施件数
北海道 16,829 372 317
青森 1,156 86 78
岩手 1,474 47 28
宮城 2,511 105 104
秋田 1,465 113 107
山形 1,729 160 142
福島 1,406 103 76
茨城 240 273 259
栃木 5,400 204 182
群馬 5,326 306 196
埼玉 29,224 488 346
千葉 12,845 818 566
東京 32,680 1,083 538
神奈川 21,310 950 926
新潟 2,783 137 114
富山 260 76 38
石川 918 151 105
福井 2,599 123 98
山梨 2,921 265 211
長野 5,134 255 173
岐阜 280 249 131
静岡 10,164 325 317
愛知 3,068 400 361
三重 1,123 198 158
滋賀 4,520 175 109
京都 5,931 241 197
大阪 20,350 1,052 836
兵庫 10,364 186 105
奈良 1,722 232 145
和歌山 508 348 179
鳥取 1,479 55 55
島根 1,111 103 86
岡山 1,345 124 95
広島 14,192 444 444
山口 6,251 120 120
徳島 949 88 86
香川 1,111 109 103
愛媛 948 119 107
高知 1,837 136 128
福岡 14,318 809 325
佐賀 1,483 65 49
長崎 908 209 140
熊本 9,184 349 295
大分 2,209 66 38
宮崎 3,473 29 25
鹿児島 2,876 130 96
沖縄 1,800 193 84
合計 271,714 12,669 9,418
帰国者・接触者相談センターの相談件数等（都道府県別）
期間：2月1日～3月24日
（注）暫定値（3月25日までに都道府県から報告された数の合計であり、順次アップ
デートされるため、数値が変動する）
